8819 
8503 
7936 
7308 
7217 
6867 
6711 
5454 BaBIC, BaBiC
5370 
5263 
5234 
5167 BrKIC
5048 FILiPOVIC, FILiPoVIC
4899 
4655 KOVAcIC
4655 
4590 
4505 
4497 
4424 
4341 
4314 
4207 NIKOLiC, NiKOLiC
4088 
4072 
4069 BArISIC, BArISiC
3943 
3902 
3887 
3884 
3769 PErKOVIC
3747 VUCKOVIC
3686 LuKIC
3635 
3625 
3617 
3601 PaVIC
3600 
3540 BAsIC, BaSIC, BaSiC
3499 
3484 
3437 COSIC, COSiC, COsIC, CoSIC, CoSiC
3413 KOVAc
3392 
3228 
3211 
3204 
3187 VUKOVIC
3178 VArGa
3164 
3144 POPOVIC, POPoVIC, PoPOVIC, PoPoVIC
3121 
3054 
3040 
3019 
3007 
2981 
2975 
2957 
2927 PErIC
2908 GaLiC
2877 
2875 BILiC, BiLiC
2860 
2843 
2804 CRnKOVIC, CrNKOVIC
2759 
2755 
2749 
2731 
2725 
2719 
2713 
2708 
2692 
2691 LuCIC
2661 
2644 
2620 
2610 
2603 
2571 
2544 
2543 
2541 
2539 
2531 SArIC
2526 
2498 PaVLiC
2482 
2471 STaNIC, STaNiC
2463 
2462 
2457 KAtIC
2433 
2432 KrZnArIC
2422 
2405 
2397 
2392 SeVEr
2384 
2370 
2364 
2352 
2338 
2328 
2237 
2231 
2214 
2213 
2212 
2210 BArIC
2207 
2205 
2202 
2200 
2188 IVKOVIC
2175 
2161 BAcIC, BaCIC
2161 
2150 
2138 
2133 
2130 VLaHOVIC, VLaHoVIC
2102 
2097 
2094 
2085 
2082 
2081 
2078 
2076 
2072 
2053 
2048 
2045 STiPIC
2037 
2037 PaVICIC
2030 SeKULiC
2016 
2009 ILiC
1981 
1955 
1945 
1944 
1937 VLaSIC, VLaSiC
1932 
1925 
1918 PUSKArIC, PuSKArIC
1879 
1871 SErTiC
1867 BOSKOVIC, BOsKOVIC
1857 
1844 
1844 
1837 
1834 
1831 
1822 ReNdULiC
1821 
1819 
1813 
1800 
1800 
1791 
1784 BrCIC
1769 
1769 
1765 
1756 
1756 
1756 PaVKOVIC
1756 
1749 
1741 
1740 
1739 
1738 KOS, KOs
1735 BArBArIC, BaRbArIC
1731 
1728 VINKOVIC, VInKOVIC
1721 STaNKOVIC
1719 
1716 
1715 BeNKOVIC
1710 
1708 
1697 
1687 
1680 BOgOVIC
1673 
1673 
1670 
1669 
1668 BeNCIC
1666 
1663 
1654 BAlIC, BaLiC
1649 
1645 