729862 SmITh
578261 
458268 
411385 
380443 BrOWN
316982 
231844 
227652 
220228 
219694 
214969 
198193 
195372 WAlKEr
187889 
186261 
183266 
181979 WHITe
181296 WAtSON
173538 
171438 
166423 
161505 
161076 COOPEr, CoOPEr
160918 
159502 
152842 
152502 
151855 
150454 
147802 
147540 
145723 
144446 MoORe
140662 ClArK
137103 
134059 
131862 
131499 
129805 
125643 
125278 
124343 
121845 
121734 
119855 
116035 
115972 
115333 
112703 
111306 COOK, CoOK
111011 
109943 PArKEr
109474 
108041 
106245 
105993 PrICe
105417 
104639 BaKEr
104048 
102415 
101082 
97225 
95210 
94402 
92572 
92558 
92124 
90917 
89001 
88136 
86792 
86269 
86049 
85228 
85021 
84914 
83575 
82898 
82570 
80429 
80026 
79031 
78783 
77127 
76973 
75969 
75423 
74821 
73965 
73208 WAlSH
72547 
71616 
70610 
70274 
69870 
69708 
69522 
69299 
69298 BUTlEr
69004 SAuNdErS
68854 
68707 
68073 
67675 
67231 
66488 HUDsON
66246 
65966 
65022 
64291 BArNEs, BArNeS, BaRnEs
64156 
63969 
63239 BOOTh
63151 
63130 
62747 
62226 LaNe
61606 HArPEr
61008 AlI
60683 
60431 
59633 BrOOKS
59545 
59130 
58450 
58170 
58060 
57780 
57716 
57637 
56917 
56314 
55920 
55371 
55302 
55092 BArKEr
54666 
54294 FISHEr
54280 
54124 WAtTs
54036 
53575 LaWReNCe
52955 
52608 
52410 
52399 CHAmBErS
52194 
52038 
51520 AtKINSON, AtKInSON
50971 LaWSON
50489 
50230 WOODs
50058 ReEs
49924 FRaSEr, FrAsEr
49851 BLaCK
49725 
49663 
49648 
49438 
49385 
49093 
48795 
48179 BURnS
48145 HOPKINS, HOPKInS, HoPKINS, HoPKInS
47947 
47611 
47474 
47311 
46745 HeNdErSON
46513 
46507 
46432 
46323 
45820 
44686 
44528 
44411 
44306 
44182 
43967 
43841 McCArThY
43810 
43670 
43183 
43107 
42991 
42785 AuSTiN
42641 
42601 WAlLaCe
42543 
42475 
42437 FRaNCIS
42393 
42349 
42266 SHArP
41869 
40964 MoSS
40836 
40781 BAtEs, BaTeS
40765 
40761 BOB
40678 OLiVEr
40614 
40554 PaGe
40053 
39981 
39857 
39580 
39355 
39193 FlYNN
39108 WArReN
38924 
38849 
38753 
38498 
38176 
37989 
37778 
37567 
37552 PaYNe
37457 STePHeNSON
37155 
36854 
36816 BONd
36737 
36674 
36450 
36021 LuCAs, LuCaS
36011 
35979 
35736 CrOSS, CrOsS
35599 STePHeNS
35264 
35258 
35101 
35010 
34909 
34834 
34681 
34628 
34527 
34442 
34091 
34075 
34001 
33983 FeRgUSON
33846 CAmErON
33832 
33812 
33800 
33773 HArDy
33647 HeAtH
33556 
33363 
32761 
32698 PArSONS
32675 
32669 
32541 FReNCH
32195 
32149 
32131 
32129 
32089 
32054 
31950 
31895 
31784 SUThErLaNd
31520 
31479 BISHOP, BISHoP, BiSHOP, BiSHoP
31473 BURgEsS
31386 
31369 HUTcHINSON, HUTcHInSON
31308 MoRaN
31298 
31288 
31226 
31203 
31170 KIrK
31117 
31015 
31015 AtKINS, AtKInS
30918 
30886 
30847 
30590 
30449 
30300 
30292 
30271 
30076 PArK
30021 
29973 
29927 
29874 
29653 
29560 
29546 BaNKS
29371 
29354 
29329 GaRnEr
29288 
29206 
29162 
29123 
29075 
28941 
28941 
28749 
28728 YAtEs
28660 
28580 
28475 HAmMoNd
28409 
28381 
28356 BRaDy
28339 
28324 
28257 
28130 
28126 
28038 
28009 
27999 
27884 FINCH, FInCH
27815 
27759 
27687 
27653 COAtEs, CoAtEs
27628 HOBBS, HoBBS
27623 
27604 
27581 
27527 
27524 
27421 
27345 
27243 
27224 
27171 
27096 
27085 PAtErSON
26783 
26729 
26639 
26623 
26591 BrOWNe
26551 
26511 
26473 
26441 
26247 
26231 
25977 
25966 
25904 
25898 
25891 
25883 
25870 
25828 
25789 AlLaN
25766 BReNNaN
25657 
25641 
25632 
25626 
25336 
25304 
25289 WAtKINS, WAtKInS
25206 
25093 
24978 BeNSON
24951 
24890 
24880 
24816 
24657 
24642 
24601 
24599 
24587 
24526 
24494 POWEr, PoWEr
24494 
24407 
24288 
24273 
24252 
24224 
24181 
24165 
24142 
24137 
24098 NAsH, NaSH
24000 
23961 HOOPEr, HoOPEr
23627 
23579 
23507 
23469 
23460 
23458 
23455 
23445 
23317 PErKINS, PErKInS
23235 
23156 
23149 
23109 
23102 WHeLaN
23073 
23070 
23054 
23019 
22900 
22899 
22890 
22874 
22829 
22826 
22785 
22753 BLaIr
22738 WHITeHOUSe, WHITeHoUSe
22632 
22625 
22599 
22553 
22514 
22500 
22363 McFArLaNe
22331 SINCLaIr, SInCLaIr, SiNCLaIr
22325 
22158 
22057 
21987 
21978 
21921 
21852 
21736 
21724 
21676 
21632 
21620 
21618 
21602 CAsSIDy, CAsSiDy, CaSSIDy, CaSSiDy
21573 
21572 
21494 
21408 
21352 HICKS
21308 
21289 
21250 
21225 
21149 BRaY
21078 
21065 
21048 
21025 
20955 
20915 
20900 
20855 BUSH
20841 
20837 
20823 
20782 
20780 
20752 
20674 
20633 McCaNN
20512 
20468 
20465 
20458 
20430 
20350 
20330 
20310 
20292 HOWArTh, HoWArTh
20287 
20168 
20132 
20117 
20083 
20021 
19963 
19889 
19854 
19851 
19673 
19581 
19556 KIRbY, KIrBY
19365 
19272 CaReY
19198 
19152 
19148 PIPEr
19077 
19070 
19031 BRuCe, BrUCe
18995 
18965 
18932 
18912 
18871 FIrTh
18815 ClArKSON
18737 DyEr
18724 BrOOKEs
18703 
18682 CaIRnS, CaIrNS
18557 
18532 WAlLiS
18509 
18340 PArKINSON, PArKInSON
18328 SYKEs
18314 
18296 
18287 BLaCKBURn
18258 
18233 
18230 
18203 SmYTh
18175 
18159 
18152 
18118 
18112 
18110 
18090 
18088 HeAtON
18069 
18051 
18018 
17959 
17952 
17952 
17944 ArCHEr
17913 
17908 IReLaNd
17878 
17828 
17793 
17792 
17778 
17775 TaNNEr
17759 
17735 
17698 
17639 
17568 
17489 
17457 STaCeY
17321 SKINNEr, SKInNEr
17267 
17260 
17237 
17227 
17220 WHYTe
17198 
17136 
17128 
17123 SIMoNS, SiMoNS
17075 CaNNON, CaNNoN
17071 
17039 
17034 
17002 
16956 
16954 
16895 
16869 
16836 PHILiP
16746 
16720 BArCLaY
16672 SIMoN, SiMoN
16671 
16653 
16649 
16646 FlOWEr
16636 
16635 
16612 
16584 
16557 CrOWThEr
16555 WAtErS
16553 MoONeY
16512 
16479 
16474 
16446 
16424 
16398 
16397 
16378 HeAlY
16370 
16320 
16304 NeAl
16297 
16293 
16214 
16151 
16146 
16134 
15967 BLaCKMoRe
15938 
15933 
15895 
15841 
15829 
15819 
15792 
15789 
15777 
15776 
15751 
15717 
15708 
15689 BOWErS
15688 
15680 
15655 
15647 
15625 
15608 
15519 
15519 
15501 
15484 
15463 
15452 
15404 
15400 
15353 
15320 IrVINe
15307 BaIN, BaIn
15297 
15260 VICKErS
15237 CLaY
15198 
15197 
15185 AlCOCK, AlCoCK
15175 
15158 
15141 
15127 
15118 
15110 
15105 
15091 
14928 
14926 
14912 
14903 
14889 
14884 
14873 RaTcLiFFe
14858 
14856 
14856 
14790 
14778 
14767 
14750 CArSON
14746 
14731 RaNKIN, RaNKIn
14727 LaCeY
14632 PArKEs
14627 FErReIRa
14611 
14587 
14568 
14546 
14545 
14535 
14522 
14504 
14474 TaTe
14416 
14406 
14339 
14309 
14222 
14203 
14201 
14155 BUSBY, BUSbY
14148 
14125 
14118 
14106 
14064 BaINS, BaInS
14010 
14004 
13939 
13921 
13916 
13882 
13845 
13842 
13841 
13830 
13785 
13770 BrOOK
13701 
13652 
13651 
13650 
13636 
13628 WArNEr
13604 
13320 
13267 
13263 
13261 
13256 PrINCe, PrInCe
13249 
13240 
13206 
13190 
13185 
13185 
13181 
13173 
13156 CaSeY
13150 
13144 
13144 
13140 
13135 
13105 
13094 
13063 
13046 
13036 McPHErSON
13031 PReNTiCe
13026 WICKS
13024 
13021 CHAmBErLaIN, CHAmBErLaIn
13015 
13014 
13007 
12994 
12986 
12969 
12966 
12959 
12931 SUMnEr
12924 HODsON, HoDsON
12923 
12894 
12889 
12888 
12874 
12865 FINNeY, FInNeY
12840 
12823 
12810 
12778 
12771 
12766 
12718 CRaNe
12714 BOWEs
12706 
12684 
12682 
12673 BArBEr, BaRbEr
12664 
12656 
12647 
12645 
12622 
12613 
12613 
12611 
12596 BONNEr
12592 
12580 HORnEr, HoRnEr
12549 
12518 
12512 
12504 
12490 
12483 
12476 
12428 HAmEr
12407 
12403 
12386 
12385 
12378 
12377 
12370 
12356 
12339 
12338 
12327 
12327 
12325 
12321 
12313 
12307 
12291 SOUThErN
12278 
12250 
12248 
12242 
12226 
12221 
12188 
12188 
12178 
12178 NOLaN, NoLaN
12176 
12151 
12112 
12102 
12100 
12095 
12090 FOUNTaIN, FOUNTaIn
12086 CrOUCH
12080 
12069 
11663 BeCK
11659 
11656 
11653 
11620 
11607 
11606 
11604 
11600 
11600 
11594 NaIRn, NaIrN
11589 
11588 
11520 
11520 CrISP
11513 
11513 
11510 COHeN, CoHeN
11497 ReGaN
11476 
11464 
11458 
11457 BAsS, BaSS
11453 
11442 
11439 RaYNEr
11433 
11427 
11426 
11397 
11386 
11378 
11371 MoODy
11365 WHITmORe
11363 
11362 
11352 McCaBe
11346 
11340 
11339 FRaNKS
11337 
11337 
11328 
11322 
11317 
11309 
11309 
11302 
11296 
11290 
11284 
11284 
11272 
11268 
11265 GaTeS
11240 
11230 
11224 
11222 
11216 COUSINS, COUSInS, COUSiNS, CoUSINS, CoUSInS, CoUSiNS
11208 BReWEr
11203 FRaNKLiN
11201 
11166 
11144 
11117 
11117 BeAr
11116 BONe
11116 
11098 FINNeGaN, FInNeGaN
11098 
11093 SPOONEr, SPoONEr
11085 
11079 
11073 
11055 PaINe
11052 
11042 
11033 ThAtCHEr
11032 CORnISH, CoRnISH
11026 
11023 
11017 
10994 
10993 
10992 
10955 
10953 
10949 
10949 
10935 
10921 
10919 
10915 
10912 
10912 
10890 
10888 
10885 
10881 
10868 
10864 BOYCe
10862 
10857 
10850 
10835 
10835 
10819 HOOK, HoOK
10811 AmIN, AmIn
10809 WAgSTaFF
10800 
10794 
10794 HORn, HoRn
10776 
10776 
10775 
10766 
10763 
10757 
10752 BURn
10732 COUCH, CoUCH
10732 
10718 
10716 
10714 
10704 
10701 BaTe
10690 HAmPtON
10690 
10677 
10659 
10658 
10658 
10646 WHITaKEr
10640 
10638 AmOS, AmOs
10636 
10609 
10603 McCaFFReY
10602 
10592 
10568 AlMoNd
10566 
10562 
10004 
9998 
9986 
9985 TiErNeY
9982 
9978 
9977 FINdLaY
9972 
9968 
9966 
9959 
9955 
9949 
9939 
9924 
9922 CArNeY
9922 
9918 PrOSSEr, PrOsSEr
9910 
9908 
9908 
9903 
9898 
9865 
9864 
9856 
9851 
9851 
9839 
9838 
9837 
9831 
9829 
9823 
9818 
9816 
9816 
9814 
9800 MoON
9795 
9793 
9790 
9789 BeAl
9785 AlLiSON
9784 
9781 
9764 
9761 
9758 
9758 SAmPSON
9755 
9754 RaYMoNd
9727 
9723 
9715 
9680 
9679 
9674 UPtON
9674 WAlEs
9673 
9663 
9663 BUCK
9662 
9660 
9656 FeNWICK
9644 
9625 
9622 
9621 
9621 
9619 
9600 
9598 
9591 
9589 
9589 
9587 BIrCH
9586 McLaReN
9575 
9574 
9570 
9563 
9562 
9560 
9557 
9551 
9550 
9548 
9547 
9543 
9536 
9535 CHILvErS
9534 
9520 
9520 
9520 
9515 
9503 
9502 
9498 
9482 
9477 MoORhOUSe
9475 
9473 
9467 
9466 
9464 
9456 
9450 
9433 
9431 
9428 
9420 
9418 
9415 
9413 
9413 
9409 
9404 
9403 
9399 
9398 
9398 
9391 
9382 
9375 
9371 
9365 NUNN
9356 
9354 
9348 
9344 
9344 
9339 HeNNEsSY, HeNNeSSY
9327 
9322 PArISH
9313 
9311 
9311 
9301 
9284 
9275 
9271 
9269 FINLaY, FInLaY
9264 
9249 
9246 
9245 
9243 
9238 
9238 
9221 
9221 
9217 
9215 BAtTeN
9212 LaNdEr
9211 
9210 
9205 
9201 BArON
9197 
9194 
9191 
9178 
9170 
9160 
9158 
9155 
9146 
9127 HOGaN, HoGaN
9125 FrYEr
9125 
9124 
9116 
9111 
9110 HAmPSON
9103 
9099 
9090 
9087 
9080 
9079 
9073 MoRe
9072 
9068 
9066 
9065 
9062 WArWICK
9052 
9048 WISe
8337 DySON
8333 
8331 
8331 
8330 
8330 
8328 
8324 BaNNEr
8323 
8319 
8317 
8317 
8312 
8309 
8309 
8308 
8305 
8304 
8304 
8302 
8301 
8300 
8292 
8292 
8290 
8289 
8288 
8287 
8286 
8286 
8283 
8281 NICHOLaS, NICHoLaS, NiCHOLaS, NiCHoLaS
8278 PAtON
8271 WIThErS
8270 
8265 
8263 
8258 
8253 
8247 
8246 
8245 
8243 LaYCOCK, LaYCoCK
8238 
8225 GaFFNeY
8225 
8224 
8223 
8220 
8220 
8215 
8214 
8200 RuSH
8198 
8198 PONd, PoNd
8198 
8198 CRaBB
8194 
8189 
8188 
8186 
8186 
8177 
8171 
8167 
8163 
8158 
8154 
8149 
8147 
8146 
8142 
8138 
8138 
8136 
8131 
8130 
8129 
8125 
8124 WAtErHOUSe, WAtErHoUSe
8120 HUSSeIN, HUSSeIn
8119 
8118 
8118 
8115 
8114 
8112 
8109 
8107 
8107 
8105 
8101 
8099 
8094 
8092 
8085 
8084 
8082 
8082 
8078 
8078 
8078 
8076 
8074 
8069 
8067 
8064 BAcON, BaCON, BaCoN
8059 
8058 
8056 
8052 
8048 
8047 
8045 
8043 
8043 LuNN
8039 
8038 
8035 
8028 LaThAm
8024 BRaIN, BRaIn
8022 
8013 
8012 COFFeY, CoFFeY
8011 
8009 
8006 
8003 COSTa, COsTa, CoSTa
7999 
7996 
7996 
7995 CrOOK
7986 
7985 
7980 
7980 FISCHEr, FIScHEr
7979 
7976 
7972 
7969 
7967 
7963 
7962 CrOCKEr
7961 CAtON
7960 
7960 
7957 
7957 HINd
7955 
7950 
7944 HOBSON, HoBSON
7944 
7944 
7941 FrITh
7941 
7941 LaVErY
7935 
7929 PIErCe
7927 
7925 
7924 
7923 
7921 
7921 
7919 BUTcHEr
7918 
7910 
7903 
7899 ClOSe
7892 HUTcHISON
7889 
7888 
7882 MoReNO, MoReNo
7880 
7879 BrOCK
7875 
7873 
7872 
7867 
7865 
7862 
7861 COCHRaNe, CoCHRaNe
7857 
7853 
7853 
7852 
7849 
7833 
7824 
7823 HePBURn, HePbURn
7812 FORbEs
7795 
7794 
7791 
7790 
7777 
7774 
7774 
7767 
7765 
7765 FORaN
7763 
7758 
7756 BeEr
7755 
7753 PArKS
7750 
7749 
7747 
7746 
7745 
7745 BrOOKEr
7745 
7742 
7741 
7737 SOUThGaTe
7736 
7735 BOWEr
7734 
7732 
7729 
7727 
7725 SWAlEs
7717 
7716 
7715 
7714 
7710 
7710 COBURn, CoBURn
7703 
7701 
7699 
7698 
7696 
7684 
7679 
7678 
7674 SPICEr
7667 CrOSBY, CrOSbY, CrOsBY
7666 
7661 
7658 
7657 MoFFAt
7657 
7651 
7651 
7644 
7635 
7634 
7633 
7632 
7629 SNOW, SNoW, SnOW
7616 CaNN
7610 
7609 
7609 
7607 
7606 
7600 
7597 
7594 
7592 
7592 
7589 SISSONS, SiSSONS
7585 
7584 
7582 
7577 FLaNaGaN
7576 
7574 
7574 OAtEs
7572 
7569 
7568 HINe
7558 CHEsHIRe, CHeSHIRe
7553 
7549 
7545 WAtErSON
7544 
6676 SISSON, SiSSON
6675 
6672 
6667 
6666 
6665 
6664 
6663 SYMoNDs, SYMoNdS
6661 
6661 
6658 
6657 
6657 
6655 
6650 CORe, CoRe
6649 
6648 
6643 
6634 STeEr
6633 
6630 
6629 
6629 SAlLiS
6629 
6627 
6624 
6623 
6623 
6619 
6619 
6619 
6618 CaIN, CaIn
6617 
6616 
6614 
6614 
6614 ReYEs
6614 
6605 
6602 
6602 PINNOCK, PINNoCK, PInNOCK, PInNoCK
6601 
6599 
6595 
6593 
6593 
6592 
6591 
6589 
6588 HUSSeY
6587 
6584 NOON, NoON
6582 
6581 
6581 
6580 STeNHOUSe, STeNHoUSe, STeNhOUSe
6580 BrYSON
6579 PArKIN, PArKIn
6576 
6574 
6573 BLaNd
6571 
6569 
6566 
6565 
6564 
6560 PHeLaN
6558 
6558 
6556 
6554 RaINeY
6553 
6551 
6550 HITcHCOCK, HITcHCoCK
6550 
6548 
6545 
6545 
6545 
6545 McBaIN, McBaIn
6543 
6542 
6541 
6541 BOON
6540 HOWEs, HoWEs
6538 
6538 
6537 
6536 
6534 
6533 
6531 
6530 
6525 
6524 
6522 
6516 
6516 
6512 
6511 
6508 HeAtHEr
6507 
6504 
6502 
6501 
6499 
6499 
6499 
6497 
6496 
6495 
6493 
6492 
6492 
6492 
6492 
6491 
6490 
6487 
6486 
6485 
6485 
6484 
6484 
6482 
6480 
6479 WINN, WInN
6478 
6473 
6472 
6472 
6471 
6470 
6468 
6467 
6467 
6466 
6464 FISH
6462 AsHBY
6460 
6459 
6456 
6455 
6455 
6451 
6450 
6450 
6449 
6448 
6448 
6446 
6444 
6444 
6440 
6439 
6438 
6436 
6430 
6429 
6428 
6427 
6426 LaWThEr
6425 
6423 LaWAl
6421 
6421 
6420 
6420 
6418 SHeArEr
6418 
6418 
6416 
6414 
6413 BOLaNd
6408 PAtTiSON
6407 
6402 ClAmP
6399 
6397 
6396 
6395 
6389 
6388 
6386 OLiVIEr
6382 
6380 
6378 
6378 
6377 
6377 
6373 
6372 
6369 
6369 
6368 
6366 
6364 
6364 FrAmPtON
6363 
6363 
6362 
6355 
6354 
6354 NeWBY
6353 
6351 CORnOCK, CoRnOCK
6350 
6346 
6343 
6342 
6341 
6341 
6337 
6336 AlVEs
6336 
6333 
6331 
6328 
6326 
6325 
6322 
6321 
6321 GaSCOYNe, GaSCoYNe, GaScOYNe
6320 
6320 
6319 
6315 
6314 
6314 
6313 
6312 
6310 
6309 
6308 
6308 
6307 
6303 
6302 HArKEr
6301 
6299 
6298 
6291 
6291 
6290 
6289 
6288 
6286 
6286 BaYLiSS
6283 
6282 
6281 HErON
6280 WHIThAm
6279 
6277 
6277 
6274 FINN, FInN
6273 
6267 
6265 
6262 
6261 HOPKINSON, HOPKInSON, HoPKINSON, HoPKInSON
6259 
6259 VINCe, VInCe
6258 
6256 
6255 
6253 
6253 
6252 
6251 
6250 
6246 HUTcHINS, HUTcHInS
6244 
6243 
6242 
6240 
6238 
6237 
6237 
6235 
6233 
6232 LaVErICK
6230 
6228 
6226 
6226 
6225 
6224 
6224 
6224 
6222 
6220 
6217 
6216 
6215 
6209 BaINEs, BaINeS, BaInEs
6209 
6208 
6200 
6195 
6195 
6183 
6182 
6175 
6174 
6173 
6173 POWErS, PoWErS
6172 
6172 
6171 
6169 
6168 
6167 
6163 
6162 
6162 
6162 AtKIN, AtKIn
6153 
6152 
6152 
6148 
6147 
6144 
6143 
6142 
6142 
6138 
6135 
6135 
6134 
6133 LaVEr
6132 
6130 
6124 
6121 
6117 
6116 WReN
6115 
6111 BeAmISH
6109 
6109 WAgHORn, WAgHoRn
6107 
6107 
6106 
6104 
6103 
6098 
6098 
6097 
6097 
6095 
6094 
6094 
6094 FAlCONEr, FAlCoNEr
6093 
6092 YOUNIS, YOUNiS
6088 
6088 RaWLiNSON
6088 GaLvIN, GaLvIn
6088 
6087 
6087 
6082 
6082 
6081 CrOUCHEr
6077 
6077 
6077 
6076 
6075 
6073 
6070 
6069 
6067 
6066 
6066 SAlMoN
6065 
6062 STaFF
6060 
6058 
6056 
6056 POCOCK, POCoCK, PoCOCK, PoCoCK
6056 HOPEs, HoPEs
6051 
6051 AsHEr
6044 
6043 
6041 
6039 
6034 
6032 
5010 HAtCH
5008 BRaCeY
5006 
5004 
5003 
5002 
5000 
4999 
4998 
4998 
4997 
4997 
4997 
4997 
4997 HINDs, HINdS, HInDs
4996 
4996 
4996 
4996 
4993 CAsHMoRe, CaSHMoRe
4993 CORnEr, CoRnEr
4992 
4992 WArN
4990 
4990 
4989 
4985 
4985 
4984 
4982 LiNe
4981 
4981 NOONaN, NoONaN
4981 
4981 
4979 
4977 SeEr
4977 CaPPEr
4977 
4976 
4976 
4975 
4975 
4974 WRaY
4974 
4973 
4973 
4973 
4972 
4971 
4971 
4971 
4970 
4970 
4969 POYSEr, PoYSEr
4969 NErO
4969 
4969 
4969 
4968 
4968 
4968 
4967 
4967 BeRgEr
4965 ClOWEs
4965 
4965 
4964 
4964 MoNK
4962 
4961 
4961 NaPIEr
4961 
4960 
4959 
4959 
4958 
4958 OSBORn, OSbORn, OsBORn
4957 
4956 SPINKS, SPInKS
4956 KONe
4955 
4953 
4953 
4953 
4952 
4951 COPLaNd, CoPLaNd
4951 
4950 
4949 
4948 
4947 KIrWIN, KIrWIn
4946 CrOWN
4946 
4945 
4944 NaIr
4943 
4943 
4942 
4942 
4941 
4937 
4935 
4933 
4933 
4931 
4931 
4931 FlOReY
4931 
4930 
4930 
4929 
4926 
4926 CrOFTs
4925 SOUTh
4924 CHArGe
4924 BINNeY, BInNeY, BiNNeY
4923 BeNHAm, BeNhAm
4922 
4922 
4922 PIErRe
4921 
4920 
4917 
4917 
4916 
4916 SUNdErLaNd
4915 
4915 
4915 
4914 DyMoNd
4914 
4914 
4912 
4912 
4912 CReW
4909 
4909 
4908 
4908 
4908 
4907 
4907 
4905 
4904 
4904 
4904 TiTmUS
4903 
4902 
4901 
4901 
4900 
4899 
4896 
4896 
4895 
4895 
4895 
4895 
4895 
4895 
4893 
4891 
4890 SPArKEs
4890 
4889 
4887 
4887 FINNIGaN, FINNiGaN, FInNIGaN, FInNiGaN
4887 
4886 
4886 
4886 
4885 
4883 CHArNOCK, CHArNoCK
4883 
4882 
4881 
4880 
4880 
4878 
4878 
4877 
4875 
4875 FeArN
4874 
4873 
4873 
4872 
4871 
4871 
4871 
4870 
4867 
4866 
4865 
4864 
4864 
4863 
4863 
4862 
4861 
4860 
4859 
4856 
4855 
4855 
4854 STaCK
4854 
4853 
4852 
4852 
4851 
4851 WICKHAm
4850 BHAmRa, BhAmRa
4850 
4849 
4849 HeAtHCOTe, HeAtHCoTe
4848 
4848 
4847 
4847 
4847 
4845 
4845 
4843 BUSHBY
4842 CLaNCY
4842 
4842 
4841 
4841 
4841 
4839 
4838 
4837 
4836 
4836 DyKEs
4835 
4835 
4834 
4834 
4833 
4832 BAtHAm, BaThAm
4830 CArRuThErS
4829 
4829 
4828 
4828 BURnHAm
4828 
4827 
4827 
4827 
4826 
4825 
4824 
4824 
4824 CrIPPS
4824 
4823 
4823 
4821 
4821 
4821 
4820 
4820 
4820 
4819 
4819 McCaW
4818 
4817 
4817 
4817 WEsTeRn
4816 VINe
4816 
4816 
4815 
4815 
4815 
4814 
4813 
4812 
4812 
4811 
4811 FRaNCe
4811 
4810 
4810 COCKBURn, CoCKBURn
4809 
4809 
4809 
4809 WHITlOCK
4808 HArNEsS, HArNeSS
4807 
4805 
4804 
4804 
4803 
4802 
4801 
4800 
4799 STePHeN
4799 HArKNEsS, HArKNeSS
4798 
4797 
4797 
4797 BIrKS
4796 
4795 
4795 GaVIN, GaVIn
4795 
4795 
4794 
4794 
4794 
4794 COOKSON, CoOKSON
4793 
4791 
4791 
4790 SKIPPEr
4789 
4788 
4788 
4787 
4785 
4784 
4783 
4783 CLiFF, ClIFF
4780 CaPLaN
4780 COUSIN, COUSIn, COUSiN, CoUSIN, CoUSIn, CoUSiN
4780 BaTeY
4780 
4780 
4779 
4779 
4778 
4778 
4777 BOLaN
4776 BISSON, BiSSON
4776 
4776 
4775 
4775 
4774 
4773 
4773 POUNdEr, PoUNdEr
4773 
4772 
4772 GeArY
4771 
4771 
4771 
4771 
4770 
4770 
4770 
4769 
4769 
4768 
4767 
4767 
4766 
4765 
4765 HISCOCKS, HISCoCKS, HIScOCKS
4765 
4764 CrOSSLaNd, CrOsSLaNd
4763 
4763 
4763 
4761 
4759 WErNEr
4759 CrOW
4758 
4757 
4755 
4754 KINdEr
4754 
4753 
4753 
4752 
4751 AlPIN, AlPIn
4750 
4750 
4750 
4749 
4748 
4747 
4747 
4747 
4746 BeAcHAm
4746 
4746 
4744 
4742 
4742 
4742 CrONIN, CrONIn, CrONiN
4742 
4741 LiNdO
4741 ReNWICK
4741 
4740 
4740 
4740 
4739 
4738 
4738 
4738 BAtEsON, BaTeSON
4738 
4737 
4736 
4735 
4734 
4734 
4732 
4732 
4732 
4731 
4731 
4731 
4730 
4730 
4729 McILrOY
4728 
4728 NOYCe, NoYCe
4728 
4728 
4726 
4725 
4725 
4724 
4723 
4723 SmIThSON
4723 
4723 
4721 
4721 
4720 
4720 
4720 BeAcH
4720 
4719 
4719 
4718 BrYCe
4716 
4715 
4715 
4712 
4712 
4709 
4708 FOUCHEr
4707 SOUThWICK
4706 
4705 
4704 
4703 
4703 
4702 FUReY
4701 
4701 
4699 
4697 
4696 
4695 
4695 
4693 
4693 
4692 
4691 
4691 
4691 
4691 
4691 CUThBErTsON, CuThBErTsON
4690 
4690 
4689 BaYLiS
4688 
4688 
4688 HErITaGe
4687 
4687 
4686 
4685 
4683 
4683 
4683 
4682 PErCIVAl
4682 
4681 
4681 HINCHLiFFe, HInCHLiFFe
4680 
4678 
4678 
4678 
4678 
4677 
4676 
4676 
4676 
4676 
4676 
4674 
4672 KINSeY, KInSeY
4670 
4670 
4670 
4669 
4669 
4668 
4668 
4668 
4668 
4668 
4667 
4666 
4665 SAmI
4665 
4664 
4664 
4663 
4663 
4662 CAtLiN, CaTlIN, CaTlIn
4662 
4662 
4660 
4658 
4655 WHITbY
4655 
4655 
4654 
4654 
4653 
4652 
4651 
4651 
4650 
4650 
4649 
4647 
4646 
4646 
4645 
4645 
4644 BUCKLaNd
4644 HeFFErNaN
4644 SHONe, SHoNe
4642 
4641 
4640 
4639 CONNEr, CoNNEr
4639 HeNNEsSeY, HeNNeSSeY
4639 
4638 
4637 WReNN
4637 
4635 
4635 
4634 
4633 CrOSLaNd, CrOsLaNd
4632 CHAmPION
4632 
4632 
4631 
4629 
4629 
4628 
4627 
4627 
4627 McBeTh
4626 
4625 
4624 SeAgO
4624 
4624 LaBBe
4623 
4623 
4623 
4622 McNaB
4621 
4621 
4620 
4619 LaMoNd
4619 
4618 
4618 PAtTeN
4618 
4617 WReNCH
4616 
4616 
4615 
4615 
4614 VICKErY
4613 
4612 
4611 HOSKINS, HOSKInS, HOsKINS, HOsKInS, HoSKINS, HoSKInS
4610 
4610 
4610 
4609 
4609 
4609 
4608 
4607 
4606 
4605 
4604 
4604 
4604 
4604 
4603 
4602 
4602 HAsKINS, HAsKInS
4601 
4600 SWINNeY, SWInNeY
4599 
4599 
4598 HeNSON
4598 
4598 
4598 
4598 
4596 
4596 
4595 
4595 
4594 
4593 
4593 
4593 
4591 SAlEs
4590 
4589 
4589 
4588 
4587 
4587 
4587 
4586 
4586 MoNTeITh
4585 
4585 
4584 
4583 HINEs, HINeS, HInEs
4583 
4583 
4583 
4582 SeAgEr
4582 
4582 
4581 
4581 
4581 McNICHOLaS, McNICHoLaS, McNiCHOLaS, McNiCHoLaS
4581 LiNEs, LiNeS
4580 
4580 CHeN
4579 
4578 
4578 
4577 
4577 
4576 
4575 
4575 CUNLiFFe, CuNLiFFe
4575 
4574 
4573 BaNNIGaN, BaNNiGaN
4572 
4571 
4570 
4570 
4569 
4568 
4568 HAlEs
4566 CErON
4566 
4564 BrOPHY
4564 
4563 SLaCK
4562 
4562 
4562 
4562 BeCKEr
4561 
4561 LaWRaNCe
4560 
4560 
4559 
4558 
4557 BrICe
4557 COOGaN, CoOGaN
4556 
4556 
4556 
4555 
4555 FRaNCO, FRaNCo
4555 FISK
4554 
4554 
4553 
4553 
4550 
4549 
4548 
4547 FlOWErS
4547 
4547 
4547 
4546 
4546 CAlLaN
4545 
4545 
4545 SPArKS
4544 HArTsHORn, HArTsHoRn
4544 
4543 
4543 
4542 TaSKEr
4542 
4542 
4541 
4541 
4540 
4539 
4539 NOBBS, NoBBS
4539 
4538 HOFLaNd, HoFLaNd
4537 
4537 PArKINS, PArKInS
4536 
4535 
4535 
4533 
4533 MoYON
4531 
4530 
4530 
4529 
4526 
4524 VErNON, VErNoN
4522 
3347 
3345 
3343 
3343 BLaNeY
3342 
3342 
3342 SOUThAm
3341 PaIGe
3340 
3340 
3340 
3340 
3339 
3339 
3339 
3338 
3338 
3338 HOBaN, HoBaN
3337 
3336 LiNd
3336 
3336 
3335 
3335 
3335 
3334 
3334 
3334 PICK
3334 
3334 
3334 
3334 
3334 
3333 
3333 FrArY
3333 
3333 
3332 RaNKS
3332 
3332 WINSHIP, WInSHIP
3332 
3332 
3332 
3331 BaNd
3331 
3331 
3331 
3331 HYNDs, HYNdS
3331 
3331 
3330 LiNSBY, LiNSbY
3330 PINe
3330 SKUSe
3330 
3330 
3330 CHINNErY, CHInNErY
3329 VArDy
3329 
3329 
3329 
3329 
3328 RaCKHAm
3328 
3328 
3328 
3328 
3328 BLiSS
3328 FeNN
3327 
3327 
3327 SOMnEr
3327 
3326 
3326 
3326 BRaHAm
3326 
3326 CrOThErS
3325 
3325 
3325 
3324 STaRnEs
3324 
3324 
3324 RaNd
3324 
3324 
3324 
3324 
3323 
3323 
3323 NICOLaS, NICoLaS, NiCOLaS, NiCoLaS
3323 
3323 McCReAtH
3323 
3322 BReMnEr
3322 
3321 
3321 
3321 
3321 
3320 
3320 
3320 
3320 
3320 
3319 
3319 AsHe
3319 
3319 HUSTlEr
3319 
3318 
3318 COSTiGaN, COsTiGaN, CoSTiGaN
3318 CHAlK
3318 
3318 WOThErSPOON, WOThErSPoON
3318 
3318 
3317 McAlPINe
3317 
3317 
3317 
3317 NeArY
3317 COBB, CoBB
3317 
3316 
3316 
3316 
3316 
3316 LuCe
3315 
3315 
3315 
3314 
3314 
3314 
3314 
3314 
3314 
3313 
3313 
3313 
3313 CISSe
3313 
3313 
3313 FURnISS
3312 GaNdEr
3312 HICKSON
3312 
3312 
3312 
3312 McKINLaY, McKInLaY
3312 
3312 
3312 
3312 
3311 
3311 
3311 
3311 
3311 HYNd
3310 
3310 AsPIN, AsPIn
3310 
3310 
3310 
3309 
3308 
3308 WAlSHe
3308 
3308 
3308 BONEs, BONeS
3308 
3308 
3308 
3307 
3307 HIPPEr
3307 
3307 INNEs, INNeS, InNEs, InNeS
3307 CReWDsON
3307 PAsSMoRe, PAsSmORe, PaSSMoRe, PaSSmORe
3306 
3305 
3305 
3305 TeAl
3305 SHeArS
3305 HErN, HeRn
3305 HOSeY, HoSeY
3304 
3304 
3304 
3304 BAtCH, BaTcH
3304 
3304 WHITeLaW
3304 
3303 PaNEsAr, PaNeSAr
3303 
3303 
3303 WINFEr, WInFEr
3303 
3303 
3303 
3303 
3303 
3303 
3303 
3303 
3302 HAcK
3302 
3302 
3301 
3301 McCLuRe, McClURe
3301 
3301 
3301 GeEsON
3301 
3301 
3300 
3300 
3299 
3299 
3299 
3299 
3299 TiPPINS, TiPPInS
3298 
3298 
3297 
3297 
3297 
3296 
3296 VICeNS
3295 
3295 
3295 
3295 
3295 
3294 
3294 
3294 
3294 
3294 
3294 
3293 
3293 
3293 PINNEr, PInNEr
3293 
3293 
3292 PaWSON
3292 
3292 STaCY
3292 
3291 STiNSON
3291 
3291 
3291 
3291 
3291 
3291 
3291 
3290 BAtHGaTe, BaThGaTe
3290 
3290 
3290 
3290 
3289 
3289 
3289 
3289 
3289 
3289 
3289 CUSS, CuSS
3288 
3288 
3288 
3288 
3288 SHErWIN, SHErWIn
3287 
3287 BOSS, BOsS
3287 BRaCe
3287 
3287 
3287 
3287 CArRe
3286 
3286 
3286 
3286 
3286 
3286 
3286 
3285 
3285 
3285 
3284 BUSHeN
3284 SHArLaNd
3284 
3284 POON, PoON
3283 
3283 
3283 
3283 
3283 
3283 CaNHAm, CaNhAm
3282 
3282 
3282 
3281 SCOTcHEr, SCoTcHEr, ScOTcHEr
3281 
3281 
3281 
3281 
3281 
3280 
3280 
3280 VICArY
3280 
3279 
3279 
3279 
3278 CrYEr
3278 
3278 BArRe
3278 HErAtY
3278 
3278 
3278 
3277 RuSSON
3277 
3277 
3277 
3276 
3276 
3276 
3276 
3276 
3276 WIThEr
3275 
3275 COCKEr, CoCKEr
3275 
3274 
3274 CReAmEr
3274 
3273 
3273 
3273 
3273 
3273 
3273 
3272 
3272 
3272 FONTaINe
3272 
3271 
3271 
3271 
3270 
3270 BRaKEs
3270 
3270 
3270 
3269 
3269 
3269 
3269 
3269 AgAr
3268 
3268 
3268 ThAcKRaY
3268 
3268 STaCKHOUSe, STaCKHoUSe
3267 
3267 FArReN
3267 
3267 
3266 
3266 
3266 
3266 
3266 
3266 
3266 
3266 SAlThOUSe
3265 
3264 
3264 PErOWNe
3264 TaTlOCK
3264 
3264 
3263 BeVIS
3263 
3263 
3263 
3263 PINdEr
3263 
3262 
3262 
3262 
3262 HArLaNd
3261 HArNeY
3261 
3261 
3260 NeWHAm
3260 
3260 
3260 
3260 
3259 CLaPHAm
3259 
3259 
3258 
3258 McVICKEr
3258 
3258 
3258 
3257 FOSS, FOsS
3257 
3257 
3257 
3256 SOWErBY
3256 FINaN
3256 
3256 
3255 
3255 
3255 
3255 SHePHErDsON
3255 
3255 
3254 RaINe
3254 
3254 
3254 
3253 
3253 BONNY
3253 
3253 
3253 
3253 
3253 
3253 
3252 
3252 
3252 
3252 
3251 HEsP, HeSP
3251 
3251 
3251 
3251 
3250 
3250 
3249 
3249 KINGdON, KInGdON
3249 
3249 
3249 
3249 
3249 
3248 
3248 
3248 
3248 
3247 
3247 
3247 
3247 
3247 
3247 
3246 
3246 
3246 
3246 
3246 CaNe
3246 BArRaSS
3245 AlAm
3245 
3244 
3244 YOUSSOUF
3244 
3243 NAsON, NaSON
3243 
3243 CrOOKEs
3243 
3243 
3243 
3243 
3242 
3242 
3242 KITsON
3242 
3242 
3241 
3241 
3241 
3241 
3241 
3240 
3240 
3240 
3240 
3240 
3240 
3239 
3239 
3239 PINKNeY, PInKNeY
3239 McAlLaN
3238 
3238 LuKEr
3238 KIErNaN
3238 
3238 
3237 
3237 
3236 
3236 
3236 
3236 
3236 
3236 
3235 
3235 IBBOTsON
3235 
3234 
3234 COPSON, CoPSON
3234 
3234 
3234 
3234 
3234 
3233 
3233 
3232 
3232 
3231 
3231 
3231 
3231 
3231 
3231 
3231 
3231 
3231 
3230 
3230 
3230 
3230 
3230 
3230 
3230 
3229 BeNThAm
3229 
3229 
3229 
3229 
3228 PaGaN
3228 
3228 
3228 
3227 
3227 
3227 CHIN, CHIn
3227 COYNe, CoYNe
3227 
3227 
3227 
3227 
3227 
3227 
3226 
3226 
3226 
3226 
3226 
3226 
3226 
3225 
3225 
3225 
3225 
3225 
3225 
3225 
3225 
3225 
3225 
3225 
3224 
3224 
3224 HUTsON
3224 
3224 
3224 
3223 
3223 FErN, FeRn
3223 
3222 
3222 
3222 
3222 
3221 
3221 
3221 
3220 
3220 
3220 
3219 
3219 
3219 
3219 
3219 
3218 
3218 
3218 CReSSeY, CrEsSeY
3218 
3217 CUTlEr, CuTlEr
3217 
3217 
3217 
3217 
3217 
3217 
3217 
3216 
3216 
3216 
3216 
3215 TiCKNEr
3215 
3215 
3215 
3215 
3214 CONLiN, CoNLiN
3214 
3214 COUPLaNd, CoUPLaNd
3214 
3214 
3214 
3214 
3214 
3213 
3213 SHIReS, SHIrEs
3213 
3213 BAtH, BaTh
3212 FLaCK, FlAcK
3212 
3211 
3211 SILvEr, SiLvEr
3211 
3211 
3211 BrOGaN
3211 
3210 
3210 
3210 
3210 
3209 
3209 FArRe
3209 
3208 
3208 
3207 
3207 
3207 WAtKINSON, WAtKInSON
3207 LiNdOP
3207 
3206 
3206 BLaYNeY
3206 
3206 GaRbEr
3206 
3206 
3206 RuFF
3206 SLiNN
3206 SHArIF
3205 
3205 
3204 BORg
3204 
3203 
3203 
3203 
3203 
3202 
3202 
3202 
3202 
3202 
3202 
3202 MoNSON
3201 
3201 
3200 BaVIN, BaVIn
3200 BArTh
3200 
3200 
3200 
3199 
3199 CRaIB
3199 
3198 
3198 
3197 
3197 
3197 PAtTiNSON
3197 
3197 
3197 
3196 
3196 
3196 
3196 PIErCeY
3196 
3196 
3196 
3195 
3195 
3195 McCAuSLaNd, McCaUSLaNd
3195 PAcKEr, PaCKEr
3195 
3195 
3194 
3194 
3194 BRaNNON, BRaNNoN
3194 
3194 
3194 WAtEr
3194 
3193 
3193 
3193 
3193 
3193 
3192 
3192 
3192 
3191 
3191 
3191 McFArLaNd
3191 
3191 
3191 CONTe, CoNTe
3191 
3190 
3190 OFlYNN
3190 
3189 
3189 
3189 
3189 BeAtON
3189 BAlCH
3188 
3188 
3188 
3187 STaINEs, STaINeS, STaInEs
3187 
3187 
3187 
3187 FRaNKLaNd
3186 GeNe
3186 
3186 
3186 
3186 
3186 
3186 
3185 
3185 
3185 HUSS
3185 KITcHeN
3184 
3184 HEsKINS, HEsKInS, HeSKINS, HeSKInS
3184 
3184 
3184 
3183 
3183 SHIPtON
3183 
3183 BUNCe
3182 CONLaN, CoNLaN
3182 
3182 
3182 
3181 
3181 BRaDbURn
3181 
3180 
3180 
3180 BOSHEr, BOsHEr
3179 
3179 
3179 SAlOU
3179 
3179 
3179 
3178 
3178 
3178 
3178 
3178 
3178 
3178 BIrKIN, BIrKIn
3178 
3178 
3177 
3177 
3177 
3177 
3176 
3176 
3176 
3175 HUSKINSON, HUSKInSON
3175 BOUNDy, BOUNdY
3175 SUTcLiFFe
3175 PArNaBY
3175 
3174 McBrIEr
3174 VIRgO
3173 
3173 
3173 
3173 
3173 
3172 BLaNC
3172 
3172 NeEsON
3172 ReNdEr
3172 
3171 
3171 
3171 
3171 
3171 
3171 
3171 
3171 
3170 
3170 STaRbUCK
3170 
3169 
3169 
3169 
3169 
3169 HOWSON, HoWSON
3168 
3168 
3167 
3167 
3167 
3166 
3166 
3166 McCONAgHY, McCoNAgHY
3166 
3166 
3165 
3165 
3165 BRaNNIGaN, BRaNNiGaN
3165 McKErRaCHEr
3164 
3164 
3164 
3164 
3163 
3163 
3163 
3163 
3163 
3162 LaWS
3162 
3162 BUFF
3161 CAmPION
3161 
3161 
3161 BAlIN, BAlIn, BaLiN
3161 
3161 
3161 
3161 
3160 
3160 
3160 
3160 
3160 
3160 
3160 AlBEr
3159 
3159 
3159 
3159 
3159 
3158 ReAsBeCK
3158 
3158 
3158 
3158 
3158 
3157 PAcK, PaCK
3156 
3156 
3156 
3156 
3155 FRaNKISH
3155 BUNTaIN, BUNTaIn
3155 
3155 
3155 
3154 
3154 
3153 BArHAm, BaRhAm
3153 
3153 
3153 
3153 
3152 
3152 
3152 HUISH
3151 
3151 WArBY
3150 FrOSTiCK, FrOsTiCK
3149 
3149 
3149 NaYSmITh
3148 
3148 
3148 CrOSSe, CrOsSe
3148 
3148 
3147 DyErSON
3147 
3147 
3147 
3147 
3147 
3147 
3147 
3147 
3147 SeAl
3146 
3146 
3145 
3145 
3145 
3145 
3145 
3144 
3144 
3144 
3144 
3144 
3143 
3143 
3143 
3143 
3142 
3142 
3142 
3142 
3142 MoUNTaIN, MoUNTaIn
3142 
3142 
3142 
3141 McLaCHLaN
3141 
3141 PAlIN, PAlIn, PaLiN
3141 
3141 
3141 
3141 
3140 
3140 
3140 
3140 
3139 
3139 BRuNe, BrUNe
3139 
3139 
3139 
3138 NArTeY
3138 
3138 
3138 
3137 
3137 BRaNNaN
3137 
3136 
3136 
3136 
3136 
3135 CAsSON, CaSSON
3135 
3135 
3135 
3135 SCHIrRu, ScHIrRu
3135 
3135 
3135 
3135 
3135 
3134 
3134 
3134 
3134 
3134 CONSTaNTiNe, CoNSTaNTiNe
3133 
3133 
3133 
3133 ReISSEr
3133 
3132 POWIS, PoWIS
3132 FLaNNErY
3132 
3132 
3132 
3131 STaNILaNd, STaNiLaNd
3131 
3131 WYEr
3130 
3130 
3130 
3130 CORnICK, CoRnICK
3130 COLaS, CoLaS
3129 
3129 
3129 
3129 PErKS
3128 
3128 
3128 
3127 
3127 
3127 
3127 
3127 EsSAm
3127 
3127 
3127 
3127 
3127 
3126 
3126 
3126 
3126 
3125 
3125 
3125 FAgON
3125 WINdEr
3125 
3124 
3124 PHILiPS
3123 
3123 
3123 WAgSTaFFe
3123 
3123 
3123 
3123 
3123 AuSTeN
3123 BeCKHAm
3122 
3122 
3122 
3122 
3122 SmIThS
3122 
3121 
3121 
3121 
3121 
3121 
3120 CrAmPtON
3120 
3120 IrWIN, IrWIn
3120 
3120 
3120 
3120 
3119 SAlOMoN
3119 
3119 
3119 
3119 BaYLiFF
3118 
3118 
3118 
3118 
3118 RhYS
3117 
3117 
3117 
3117 BaNNON, BaNNoN
3116 
3115 
3115 
3114 
3114 
3114 
3114 COSSAr, COsSAr, CoSSAr
3114 CrONe
3114 
3114 
3114 MoWBRaY
3114 
3113 
3113 
3112 
3112 BeAsON
3112 SmIThIEs
3111 
3111 
3111 
3111 
3110 
3110 
3110 
3109 
3109 NeWSHAm
3109 
3108 
3107 HORnBY, HoRnBY
3107 
3107 
3107 
3107 
3106 
3106 
3106 
3106 
3106 
3105 FAlK
3104 
3104 CRaMoNd, CrAmONd
3104 
3104 
3104 
3103 
3103 WArNOCK, WArNoCK
3103 
3103 
3103 
3103 
3103 
3102 
3102 
3102 
3102 CAsS, CaSS
3102 
3102 
3102 
3101 PErKIN, PErKIn
3101 
3101 
3101 
3101 
3101 
3100 
3100 
3100 
3099 
3099 
3099 
3098 
3098 
3098 
3098 HIDsON
3098 
3098 
3098 
3097 
3097 
3097 
3096 
3096 
3096 
3096 
3095 
3095 
3095 
3095 
3094 
3094 
3094 
3094 
3094 
3094 RaNSON
3093 
3093 ThONON, ThONoN
3093 
3092 
3092 
3091 
3091 
3091 LaNHAm, LaNhAm
3091 
3091 
3091 BeYNON, BeYNoN
3091 
3091 SeAtON
3091 
3090 
3090 
3090 
3090 
3090 
3090 
3089 
3089 
3089 
3089 
3089 
3088 
3088 
3088 BrAmPtON
3088 
3088 
3088 GeYEr
3087 
3087 McCrONe
3087 
3087 
3087 
3086 
3086 
3086 BOBBINS, BOBBInS, BOBBiNS
3086 
3085 
3085 
3085 
3085 
3085 
3084 
3084 
3084 
3083 
3083 
3083 
3082 COSS, COsS, CoSS
3082 COONeY, CoONeY
3082 
3082 
3082 
3082 
3081 
3081 
3080 
3080 
3080 
3080 
3080 
3079 
3079 
3079 
3079 
3079 
3079 BrINe
3078 
3078 
3078 
3078 KIrKLaNd
3078 
3078 
3078 
3077 
3077 TiNKEr
3077 
3077 
3077 
3077 
3077 
3076 
3076 
3076 
3076 
3076 PITcHEr
3076 
3075 
3075 
3075 
3075 
3075 
3075 
3074 CAsTeTs, CaSTeTs
3074 LaKIN, LaKIn
3074 
3073 
3073 
3073 
3073 
3073 
3073 PAlFReY
3072 PHIPPS
3072 SIErRa, SiErRa
3071 
3071 
3071 HeFFEr
3071 
3071 
3070 
3070 
3070 
3070 HUTcHEsON, HUTcHeSON
3070 
3070 
3070 
3069 
3069 
3069 
3069 MoUGa
3068 
3068 
3068 
3068 
3068 
3068 
3067 
3067 
3066 
3066 NEsS, NeSS
3066 
3066 
3066 
3065 
3065 
3065 FITcH
3064 
3064 
3064 
3063 NaNdI
3063 
3063 SmIThErS
3063 
3063 
3063 CAtTiGaN
3063 
3062 
3062 
3062 
3062 
3062 
3061 
3061 
3061 SeArS
3061 HOgArTh
3060 HeArNe
3060 
3060 HAlPIN, HAlPIn
3060 BaBBS
3060 
3060 
3060 
3060 NaPPEr
3059 
3059 BRaYBrOOK
3058 
3058 
3058 WAlThAm
3057 
3057 
3057 
3056 MoNKS
3056 
3056 
3056 
3055 
3055 
3054 
3054 
3054 
3054 
3054 
3054 MoTh
3054 LuCeY
3053 
3053 
3053 
3053 
3052 
3052 
3052 FErNS, FeRnS
3052 
3052 LiVErMoRe
3052 
3051 
3051 LaNGe
3051 
3050 HeArN
3050 
3049 
3049 
3049 FLaNdErS
3049 
3049 
3049 
3048 
3048 
3048 
3047 
3047 NINeHAm, NiNeHAm
3046 
3046 
3046 
3046 
3046 CHUBB
3045 
3045 LaCY
3045 
3045 
3044 
3044 
3044 
3044 KAcY
3044 BUSSeY
3044 
3044 BArNY, BaRnY
3044 
3043 
3043 
3043 
3043 
3043 
3042 
3042 
3042 
3042 
3041 ISSAc
3041 
3041 
3040 
3040 
3040 
3040 
3040 
3040 
3040 CHEsNeY, CHeSNeY
3040 
3039 
3039 
3039 CaINe
3039 BURgIN, BURgIn
3039 
3039 
3039 
3038 
3038 
3038 
3038 
3038 
3038 
3038 
3037 
3037 
3037 
3037 
3037 
3037 
3036 
3036 
3036 
3035 
3035 
3035 LaNGdON
3035 
3035 
3035 RuSHBY
3035 
3035 
3034 McKIrDy
3034 
3034 HOWLaNd, HoWLaNd
3033 
3033 CaPPS
3033 
3033 
3033 
3033 
3032 
3032 NOKEs, NoKEs
3032 
3032 
3032 
3032 
3032 
3032 
3032 
3031 
3030 
3030 KIrKBY
3030 BUNN
3029 
3029 LaWN
3029 
3028 OSTlEr, OsTlEr
3028 
3028 
3028 
3027 RaNN
3027 
3027 
3027 
3026 VAsS
3026 WYNNe
3026 
3026 
3025 
3025 
3024 
3024 GaNdHAm
3024 
3023 McINNEs, McINNeS, McInNEs, McInNeS
3023 
3022 
3021 
3020 NeWLaNDs, NeWLaNdS
3019 
3018 
3018 
1684 
1683 
1683 
1683 
1683 McWHIr
1683 
1682 
1682 
1682 
1682 
1681 
1681 
1681 
1681 
1681 
1680 
1680 CURe, CuRe
1680 
1680 
1679 
1679 
1679 CRaINe
1679 
1679 
1679 
1678 HAmBLiN
1678 
1678 
1678 
1678 
1678 
1678 
1678 
1678 
1677 
1677 
1677 
1677 
1677 
1677 
1677 
1677 
1677 SPINNeY, SPInNeY
1677 BYWAtEr
1677 
1677 
1677 
1676 
1676 
1676 CONYErS, CoNYErS
1676 
1676 BAtSON, BaTsON
1676 
1676 
1676 
1676 WAlLiKEr
1676 
1676 WYNN
1676 
1676 
1676 
1676 
1675 
1675 
1675 
1675 BeRgErON
1675 
1675 
1675 
1675 
1675 
1675 
1674 
1674 
1674 
1674 
1674 
1674 
1674 
1674 BONHAm, BONhAm
1674 
1674 
1674 
1674 
1674 McINNErNeY, McInNErNeY
1674 
1674 
1674 WHISTlEr
1674 VICKArS
1674 
1674 
1673 
1673 WAlKErS
1673 
1673 
1673 
1673 
1673 
1673 
1673 
1673 
1673 
1673 
1673 
1673 
1672 KArNe
1672 HITcHeNS
1672 
1672 
1672 CReAsEr
1672 
1672 
1672 
1672 
1672 
1672 
1672 
1672 
1671 
1671 
1671 
1671 
1671 
1671 
1671 
1671 
1671 
1671 
1671 
1671 CUSSON, CuSSON
1671 
1671 
1671 
1671 
1671 
1671 
1671 
1670 
1670 
1670 FRuSHEr, FrUSHEr
1670 COCKLiN, CoCKLiN
1670 
1670 BOWNEsS, BOWNeSS
1670 
1670 
1670 
1670 
1670 
1670 
1670 
1670 
1670 
1669 
1669 
1669 
1669 
1669 
1669 
1669 
1669 SKErVIN, SKErVIn
1669 
1669 WAlCH
1669 
1669 
1669 
1669 
1669 
1669 
1669 
1669 ReYGaN
1669 
1669 NeWLaNd
1669 
1669 
1669 
1669 
1669 
1669 
1669 
1669 
1669 
1669 
1669 
1669 HeNDy, HeNdY
1668 
1668 
1668 
1668 LaNCe
1668 KrISTeNSeN
1668 
1668 
1668 
1668 FAlSH
1668 
1668 CAlAsTiNe, CaLaSTiNe
1668 
1668 
1668 
1668 AcKArY
1668 RaVAl
1668 
1668 
1668 
1668 
1668 
1668 
1668 
1668 
1668 
1668 SYErS
1667 
1667 
1667 
1667 
1667 
1667 
1667 
1667 
1667 
1667 
1667 
1667 
1667 
1667 
1667 
1667 
1667 
1667 BUNKEr
1667 CHeWINS, CHeWInS
1667 CHINN, CHInN
1667 
1667 FeArON
1667 FlOSS, FlOsS
1667 
1667 
1667 
1667 LaPHAm
1667 
1667 
1667 
1667 
1666 
1666 
1666 
1666 LaSCO, LaSCo, LaScO
1666 
1666 FrICKEr
1666 
1666 
1666 
1666 
1666 
1666 
1666 
1666 
1666 
1666 
1666 
1666 
1666 
1666 McCUTcHeON, McCuTcHeON
1666 
1666 
1666 
1666 
1666 
1666 
1666 
1666 
1666 
1666 
1665 TaNSeY
1665 
1665 
1665 
1665 
1665 
1665 
1665 
1665 
1665 
1665 BLaNdINe
1665 
1665 
1665 
1665 
1665 
1665 
1665 
1665 
1665 
1665 
1665 
1664 
1664 
1664 
1664 
1664 
1664 
1664 
1664 
1664 BArKS
1664 MoRgON
1664 
1664 
1664 
1664 
1664 
1664 
1664 
1664 
1664 WAtSHAm
1664 
1664 
1664 
1664 
1664 
1664 
1663 
1663 
1663 
1663 
1663 
1663 
1663 
1663 OSTcLiFFe, OsTcLiFFe
1663 
1663 
1663 ReNNa
1663 
1663 
1663 
1663 BOBBErSON
1663 BICKErS, BiCKErS
1663 
1663 
1663 
1663 
1663 
1663 
1663 
1663 
1663 
1663 
1663 
1662 
1662 HArBISON, HArBiSON
1662 
1662 
1662 
1662 
1662 
1662 
1662 
1662 
1662 
1662 
1662 CLaWSON
1662 CHAmBON
1662 
1662 
1662 AlThOFF
1662 RaPSON
1662 
1662 
1662 
1662 
1662 McSHeRa
1662 McCOOK, McCoOK
1662 
1662 
1662 
1662 
1662 
1662 
1662 
1661 
1661 
1661 
1661 
1661 
1661 
1661 
1661 
1661 
1661 
1661 
1661 
1661 
1661 
1661 
1661 
1661 
1661 
1661 
1661 BeAlEs
1661 BeNS
1661 BLaCKThORn
1661 
1661 
1661 
1661 
1661 
1661 
1661 
1661 
1661 
1661 
1661 
1661 
1661 KINNISON, KINNiSON, KInNISON, KInNiSON
1661 
1661 
1660 
1660 
1660 KrAm
1660 
1660 
1660 
1660 HeYEs
1660 HAmPEr
1660 
1660 
1660 
1660 
1660 
1660 
1660 
1660 
1660 CAtEr
1660 
1660 
1660 
1660 
1660 
1660 
1660 
1660 
1660 McAlOON
1660 
1660 
1660 
1660 
1659 
1659 TiPS
1659 
1659 
1659 
1659 
1659 
1659 
1659 VErNeY
1659 
1659 
1659 
1659 
1659 
1659 
1659 
1659 
1659 
1659 
1659 
1659 
1659 CLaVIN, CLaVIn
1659 
1659 
1659 BOYLaNd
1659 BeDsON
1659 BArKHAm
1659 
1659 EsLiCK
1659 FArGe
1659 
1659 
1659 
1659 
1659 
1659 HOFF, HoFF
1659 
1659 
1658 
1658 
1658 
1658 
1658 
1658 
1658 BrIDsON
1658 
1658 
1658 
1658 
1658 MoPP
1658 
1658 PrOSEr, PrOsEr
1658 
1658 
1658 
1658 
1658 
1658 WAlBY
1658 
1658 WHISKIN, WHISKIn
1658 
1658 
1658 
1658 
1657 
1657 SCrOWThEr
1657 
1657 
1657 WINNeY, WInNeY
1657 
1657 
1657 
1657 
1657 
1657 OKTeN
1657 
1657 
1657 BRaNdON
1657 
1657 
1657 
1657 
1657 
1657 
1657 
1656 HIPKISS
1656 HErSeY
1656 
1656 
1656 
1656 
1656 
1656 
1656 BeCHe
1656 
1656 
1656 
1656 
1656 
1656 
1656 
1656 
1656 
1656 
1656 
1656 
1656 WYNEsS, WYNeSS
1656 
1656 
1656 
1656 ThORnEs
1656 
1656 
1656 
1655 
1655 
1655 
1655 TaTlOW
1655 RuCK
1655 
1655 
1655 
1655 
1655 
1655 
1655 
1655 
1655 
1655 
1655 
1655 
1655 
1655 
1655 
1655 
1655 
1655 
1655 BaNNaN
1655 AmNEr
1655 ArKINS, ArKInS
1655 
1655 
1655 
1655 
1655 
1655 
1655 
1655 HeWSON
1654 HeYBURn, HeYbURn
1654 
1654 
1654 
1654 HUNTe
1654 
1654 
1654 
1654 
1654 
1654 
1654 FINNIMoRe, FINNiMoRe, FInNIMoRe, FInNiMoRe
1654 
1654 
1654 
1654 
1654 
1654 
1654 
1654 
1654 
1654 
1654 
1654 
1654 
1654 
1654 RuBIN, RuBIn, RuBiN
1654 
1654 
1654 
1654 
1653 
1653 
1653 
1653 
1653 
1653 WINCe, WInCe
1653 
1653 
1653 
1653 
1653 
1653 
1653 
1653 RaWKINS, RaWKInS
1653 
1653 
1653 
1653 
1653 
1653 CAlLaGaN
1653 
1653 
1653 BeNTlY
1653 
1653 
1653 
1653 
1653 
1653 
1653 
1653 
1653 
1653 
1653 IReSON, IrEsON
1653 
1653 
1653 
1653 
1652 
1652 
1652 
1652 
1652 
1652 
1652 
1652 
1652 
1652 
1652 
1652 CArVEr
1652 
1652 
1652 
1652 
1652 
1652 PArVIN, PArVIn
1652 
1652 
1652 
1652 
1652 
1652 
1652 
1652 
1652 
1652 
1652 
1652 
1652 
1652 RuSHBrOOK
1651 
1651 
1651 
1651 
1651 
1651 
1651 WOODbURn
1651 
1651 
1651 
1651 
1651 
1651 
1651 
1651 
1651 
1651 
1651 RaYNHAm, RaYNhAm
1651 
1651 
1651 
1651 
1651 
1651 
1651 
1651 
1651 
1651 
1651 HUWS
1651 
1651 
1651 
1650 
1650 HOSBaNd, HOsBaNd, HoSBaNd
1650 HITcHeN
1650 LaCK
1650 KOBaN
1650 
1650 
1650 
1650 
1650 
1650 
1650 
1650 
1650 
1650 CaPP
1650 
1650 CReArY
1650 
1650 
1650 
1650 
1650 
1650 
1650 
1650 
1650 
1650 
1650 
1650 
1650 
1650 
1650 
1649 
1649 
1649 
1649 
1649 
1649 
1649 McAlONaN
1649 
1649 
1649 
1649 
1649 
1649 
1649 
1649 
1649 
1649 BRuNSWICK, BrUNSWICK
1649 
1649 
1649 BaNK
1649 BaReNDs, BaReNdS
1649 
1649 
1649 
1649 
1649 
1649 
1648 
1648 
1648 LaNCAsHIRe, LaNCaSHIRe
1648 
1648 
1648 
1648 
1648 
1648 
1648 
1648 AlThAm
1648 
1648 
1648 
1648 
1648 
1648 
1648 
1648 
1648 
1648 RePtON
1648 PAtMoRe, PaTmORe
1648 POPPINS, POPPInS, PoPPINS, PoPPInS
1648 
1648 
1648 
1648 McCUSKEr, McCuSKEr
1648 
1648 
1648 TiTmUSS
1648 SCAlEs, ScAlEs
1647 
1647 
1647 SPrY
1647 
1647 
1647 
1647 McSHeFFReY
1647 
1647 
1647 
1647 LuNNeY
1647 
1647 
1647 
1647 
1647 
1647 
1647 
1647 CLaPtON
1647 
1647 
1647 BeArDs
1647 FrOY
1647 
1647 
1647 
1647 
1647 
1647 
1647 
1647 ISGaTe
1647 
1647 
1647 
1646 
1646 
1646 
1646 KINNIBURgH, KINNiBURgH, KInNIBURgH, KInNiBURgH
1646 
1646 
1646 
1646 
1646 
1646 
1646 
1646 
1646 
1646 
1646 
1646 
1646 RaTcLiFF
1646 
1646 
1646 
1646 
1646 
1646 McCLuNe, McClUNe
1646 
1646 
1646 WEsTmORe
1646 
1646 
1646 
1646 
1646 SIrMoNd
1646 
1645 
1645 
1645 SCaIFe
1645 
1645 
1645 
1645 
1645 
1645 VINeY
1645 
1645 
1645 
1645 
1645 
1645 
1645 POYNEr, PoYNEr
1645 
1645 
1645 
1645 
1645 
1645 MoYLaN
1645 
1645 
1645 
1645 CONNAl, CoNNAl
1645 CONNaN, CoNNaN
1645 
1645 
1645 
1645 BArNS, BaRnS
1645 BrISSON
1645 BRaNdHAm
1645 
1645 FeArNS
1645 
1645 
1645 
1645 
1645 
1645 
1645 
1645 
1645 
1644 
1644 
1644 HORe, HoRe
1644 KAmPFNEr
1644 
1644 
1644 GaFFIN, GaFFIn
1644 
1644 
1644 
1644 
1644 ClOVEr
1644 
1644 
1644 
1644 
1644 
1644 
1644 LiNN
1644 LiNNeY
1644 
1644 
1644 
1644 
1644 
1644 
1643 
1643 McKINdEr
1643 
1643 
1643 
1643 
1643 
1643 PrOWSe
1643 
1643 
1643 
1643 
1643 
1643 
1643 
1643 
1643 
1643 BURnISH
1643 
1643 
1643 
1643 
1643 
1643 
1643 
1643 FOSSe, FOsSe
1643 
1643 
1643 HITcH
1643 HErAtH, HeRaTh
1643 HArBINSON, HArBInSON, HArBiNSON
1643 
1642 
1642 
1642 
1642 
1642 
1642 
1642 FURnISH
1642 
1642 
1642 
1642 
1642 
1642 
1642 
1642 PRuCe, PrUCe
1642 
1642 
1642 LaYBOURn, LaYbOURn
1642 
1642 
1642 
1642 
1642 
1642 
1642 
1642 ThURbON
1642 
1642 
1642 
1641 
1641 VINEs, VINeS, VInEs
1641 
1641 
1641 STePNeY
1641 
1641 
1641 
1641 
1641 
1641 PICKUP
1641 
1641 
1641 
1641 
1641 
1641 BaYS
1641 
1641 
1641 
1641 HYNAm
1641 
1641 
1641 
1640 
1640 
1640 
1640 
1640 
1640 KILrOY
1640 
1640 
1640 
1640 FReY
1640 
1640 
1640 
1640 
1640 BUXeY
1640 
1640 
1640 
1640 CrOFTe
1640 
1640 
1640 
1640 
1640 
1640 
1640 
1640 
1640 
1640 
1640 
1640 
1640 SOArKS
1640 SOBeY
1640 
1640 
1640 
1640 
1640 
1640 
1640 
1639 
1639 
1639 
1639 TiTmArSH
1639 
1639 McFErRaN
1639 
1639 BINKS, BInKS, BiNKS
1639 
1639 BReCKON
1639 
1639 
1639 
1639 
1639 
1639 
1639 
1639 
1639 
1638 EsKINS, EsKInS
1638 
1638 FURnEsS
1638 
1638 BOWYEr
1638 
1638 
1638 CAlKIN, CAlKIn
1638 
1638 
1638 
1638 
1638 
1638 
1638 
1638 
1638 
1638 
1638 
1638 
1638 
1638 WHINHAm, WHINhAm, WHInHAm
1638 
1637 
1637 
1637 
1637 
1637 
1637 McCaY
1637 NOAcH, NoAcH
1637 
1637 
1637 BURg
1637 CLaPP
1637 
1637 
1637 
1637 
1637 
1637 
1637 
1637 
1637 
1637 FINBOW, FINbOW, FInBOW
1637 
1637 
1637 
1637 HINdEsS
1637 
1637 LaNDyMoRe, LaNdYMoRe
1636 
1636 
1636 
1636 HAtTeN
1636 
1636 
1636 
1636 GaTeSON
1636 
1636 AlKEr
1636 
1636 
1636 
1636 BrISLaNd
1636 
1636 
1636 
1636 
1636 CAtTaN
1636 
1636 McCHEsNeY, McCHeSNeY
1636 
1636 
1636 
1636 
1636 
1635 
1635 
1635 
1635 
1635 
1635 
1635 
1635 
1635 
1635 
1635 
1635 
1635 
1635 
1635 
1635 
1635 
1635 
1635 
1635 
1635 
1635 
1635 CaNTlIFFe
1635 
1635 CONAtY, CoNAtY
1635 
1635 
1635 
1635 
1635 
1635 
1635 BLaCKSmITh
1635 BAuCKHAm, BaUCKHAm
1635 
1635 
1635 AlSOP
1635 AuBORn
1635 AuBReY
1635 
1635 
1635 
1635 
1635 
1635 
1635 
1635 
1635 HIPKIN, HIPKIn
1635 HOYTe, HoYTe
1635 KINNeAr, KInNeAr
1635 LaCe
1635 
1634 
1634 
1634 
1634 
1634 BICKEr, BiCKEr
1634 
1634 BrYErS
1634 
1634 
1634 CaHN
1634 
1634 
1634 
1634 
1634 
1634 
1634 
1634 
1634 
1634 
1634 
1634 
1634 
1634 
1633 
1633 
1633 
1633 
1633 
1633 SILvErSTeIN, SILvErSTeIn, SiLvErSTeIN, SiLvErSTeIn
1633 SOArEs
1633 SMoTh, SmOTh
1633 
1633 
1633 
1633 
1633 
1633 
1633 
1633 
1633 PAsSeY, PaSSeY
1633 
1633 
1633 
1633 
1633 
1633 
1633 BrYN
1633 
1633 
1633 
1633 FrODsHAm
1633 
1633 GeNNEr
1633 
1633 FAlLiS
1633 DyLaN
1633 
1633 
1633 
1633 
1633 HEsSe, HeSSe
1633 HAsTiCK
1633 
1632 
1632 
1632 
1632 
1632 
1632 
1632 BeAtSON
1632 
1632 
1632 
1632 
1632 
1632 CrOOKS
1632 
1632 MoYEs
1632 
1632 
1632 
1632 
1632 RuBeN
1632 
1632 
1632 
1632 
1632 
1632 
1632 TaPPIN, TaPPIn
1632 
1632 
1631 
1631 
1631 
1631 YOUNGe
1631 
1631 
1631 
1631 
1631 
1631 
1631 
1631 
1631 
1631 
1631 
1631 
1631 
1631 
1631 
1631 
1631 
1631 
1631 
1631 
1631 
1631 
1631 
1631 
1630 
1630 
1630 IBBS
1630 
1630 
1630 
1630 
1630 
1630 
1630 
1630 
1630 
1630 
1630 
1630 BRaISBY, BRaISbY
1630 
1630 
1630 
1630 
1630 
1630 
1630 
1630 
1630 SILvErS, SiLvErS
1630 
1630 
1630 
1630 
1630 
1630 YArKEr
1630 
1630 
1630 
1629 
1629 
1629 
1629 
1629 SErTh
1629 
1629 
1629 
1629 McCRaNK
1629 
1629 
1629 
1629 
1629 
1629 
1629 
1629 
1629 
1629 
1629 
1629 
1629 
1629 CaNeY
1629 
1629 
1629 
1629 
1629 
1629 
1629 
1629 
1629 
1629 FReEsON
1629 
1629 
1629 HORnSBY, HORnSbY, HoRnSBY, HoRnSbY
1628 
1628 
1628 
1628 
1628 
1628 
1628 
1628 
1628 BAsTiON, BaSTiON
1628 
1628 
1628 
1628 
1628 
1628 
1628 
1628 McLaUCHLaN
1628 
1628 
1628 
1628 
1628 
1628 
1627 
1627 
1627 
1627 
1627 SUNdEr
1627 
1627 
1627 
1627 
1627 LaWCOCK, LaWCoCK
1627 
1627 
1627 
1627 
1627 
1627 
1627 
1627 BeNCHOFF, BeNCHoFF
1627 
1627 BOYHAm
1627 
1627 
1627 
1627 
1626 
1626 
1626 
1626 
1626 
1626 BrYEr
1626 
1626 
1626 
1626 
1626 
1626 COgHLiN
1626 
1626 
1626 
1626 
1626 
1626 
1626 
1626 
1626 
1626 
1625 
1625 
1625 
1625 
1625 
1625 
1625 LuNNEsS, LuNNeSS
1625 
1625 
1625 
1625 
1625 
1625 
1625 
1625 
1625 
1625 BArKBY
1625 BOCOCK, BOCoCK
1625 
1625 
1625 
1625 GaSKIN, GaSKIn
1625 
1625 
1625 
1625 
1624 
1624 
1624 
1624 
1624 HUCKSTeP
1624 
1624 
1624 
1624 
1624 
1624 BUNdOCK
1624 
1624 
1624 NaNSON
1624 
1624 
1624 
1624 POWNeY, PoWNeY
1624 
1624 
1624 
1624 
1624 
1624 
1624 
1624 
1624 
1623 ThAcKEr
1623 SUThONS
1623 
1623 
1623 
1623 
1623 
1623 
1623 
1623 
1623 
1623 
1623 
1623 
1623 
1623 
1623 
1623 BOYErS
1623 BErN, BeRn
1623 
1623 HOOPS, HoOPS
1623 HORaN, HoRaN
1622 
1622 
1622 HAtON
1622 
1622 
1622 
1622 
1622 BOYEr
1622 
1622 BArWICK
1622 
1622 
1622 
1622 
1622 
1622 
1622 
1622 
1622 
1622 
1622 
1622 
1622 
1622 
1622 
1622 
1622 
1622 
1622 
1622 
1622 
1621 
1621 
1621 
1621 VAlLaNCe
1621 
1621 
1621 
1621 McCArNeY
1621 
1621 
1621 
1621 
1621 
1621 
1621 
1621 COOTe, CoOTe
1621 
1621 
1621 
1621 BAlISS, BaLiSS
1621 
1621 
1621 BRaNdEr
1621 BIrNe
1621 
1621 
1621 
1621 
1621 
1621 
1621 
1621 
1620 HINdEr
1620 
1620 
1620 
1620 
1620 
1620 
1620 
1620 
1620 CRaIGeN
1620 
1620 
1620 
1620 ReIDy
1620 
1620 
1620 
1620 
1620 
1620 
1620 
1620 
1620 
1620 
1620 VINEr, VInEr
1620 
1619 
1619 
1619 
1619 
1619 
1619 
1619 
1619 
1619 POWNEr, PoWNEr
1619 
1619 
1619 
1619 
1619 
1619 
1619 
1619 BRaNd
1619 
1619 
1619 
1619 
1619 
1619 
1619 
1619 
1619 
1619 
1619 
1618 
1618 
1618 INKEr, InKEr
1618 
1618 
1618 
1618 
1618 
1618 
1618 
1618 AmBrOSe
1618 
1618 
1618 BReWIN, BReWIn
1618 BrOOKIN, BrOOKIn
1618 
1618 
1618 
1618 CHAmBEr
1618 
1618 
1618 NeYLaNd
1618 
1618 
1618 
1618 
1618 
1618 
1618 SNeEsBY
1618 
1618 
1618 
1617 UPSON
1617 
1617 
1617 
1617 
1617 
1617 
1617 
1617 
1617 
1617 
1617 
1617 
1617 
1617 
1617 
1617 
1617 
1617 
1617 
1617 
1617 
1617 
1617 BReCHIN, BReCHIn
1617 BOOKHAm
1617 AsHBrOOK
1617 
1617 
1617 
1617 
1617 
1617 
1616 
1616 HArLaN
1616 
1616 
1616 
1616 
1616 
1616 BArRaS
1616 
1616 
1616 
1616 
1616 SYCAmORe, SYCaMoRe
1616 TaBErSHAm
1616 WArEs
1616 WAtKISS
1616 
1615 WHITmArSH
1615 
1615 
1615 
1615 RuSSEr
1615 SHIrLaW
1615 
1615 McCaNNa
1615 
1615 
1615 
1615 
1615 
1615 
1615 
1615 
1615 
1615 
1615 
1615 
1615 
1615 
1615 
1615 
1615 
1615 
1615 LaNS
1615 HYLaNDs, HYLaNdS
1614 
1614 
1614 HAsSON
1614 
1614 
1614 
1614 
1614 
1614 
1614 CUSHeN, CuSHeN
1614 
1614 
1614 
1614 
1614 
1614 
1614 
1614 
1614 
1614 SPaReY
1614 SPRuCe, SPrUCe
1614 
1614 
1614 
1614 WICKErS
1613 
1613 
1613 
1613 
1613 
1613 
1613 
1613 
1613 
1613 
1613 
1613 
1613 BLiCK
1613 
1613 
1613 
1613 
1612 
1612 
1612 FeNdEr
1612 
1612 
1612 
1612 
1612 
1612 
1612 
1612 
1612 
1612 
1612 
1612 
1612 
1612 
1612 
1612 
1611 
1611 
1611 
1611 
1611 
1611 
1611 SHArIFF
1611 
1611 
1611 McFArNON, McFArNoN
1611 
1611 
1611 
1611 
1611 
1611 BOFFeY
1611 ArTlIFF
1611 
1611 HICKLiN
1611 
1611 FONe
1611 
1610 
1610 
1610 
1610 
1610 
1610 
1610 
1610 
1610 
1610 BeAcON
1610 
1610 
1610 
1610 
1610 
1610 
1610 
1610 
1610 
1610 
1610 
1610 
1610 TeBBS
1610 
1610 
1609 
1609 
1609 
1609 
1609 
1609 
1609 
1609 
1609 NICKS, NiCKS
1609 
1609 
1609 
1609 
1609 
1609 
1609 
1609 
1609 
1609 
1609 
1609 
1609 CRaNeY
1609 
1609 
1609 
1609 
1609 
1609 
1609 
1608 
1608 
1608 
1608 
1608 FAtCAt
1608 EsSOP
1608 HAmMoNDs, HAmMoNdS
1608 
1608 
1608 HOPtON, HoPtON
1608 
1608 
1608 
1608 
1608 
1608 
1608 
1608 
1608 
1608 PArNHAm, PArNhAm, PaRnHAm
1608 
1608 
1608 
1608 
1608 
1607 
1607 
1607 
1607 
1607 
1607 
1607 
1607 MoRbAcH
1607 MoRbY
1607 
1607 
1607 
1607 
1607 
1607 
1607 COAr, CoAr
1607 
1607 
1607 BAsKIN, BAsKIn, BaSKIN, BaSKIn
1607 
1607 
1607 BOOKEr
1607 
1607 
1607 
1607 FINNeMoRe, FInNeMoRe
1607 
1606 
1606 
1606 
1606 
1606 
1606 
1606 
1606 
1606 
1606 
1606 COPPOLa, COPPoLa, CoPPOLa, CoPPoLa
1606 COPSeY, CoPSeY
1606 
1606 
1606 CArMoODy
1606 LuCOCK, LuCoCK
1606 
1606 
1606 
1606 
1606 
1606 
1606 
1606 
1606 
1606 
1606 
1606 
1606 
1606 
1606 
1606 
1606 TaPP
1605 
1605 
1605 
1605 
1605 
1605 
1605 
1605 
1605 
1605 
1605 
1605 
1605 
1605 
1605 
1605 
1605 
1605 
1605 
1605 
1605 
1605 
1605 BaYNEs, BaYNeS
1605 
1605 
1605 
1605 
1605 
1605 
1605 
1605 
1605 
1605 
1605 
1605 
1605 
1604 GaTeNBY, GaTeNbY
1604 
1604 
1604 
1604 HOKSINS, HOKSInS, HOKSiNS, HoKSINS, HoKSInS, HoKSiNS
1604 
1604 
1604 BUCKNORe, BUCKNoRe
1604 
1604 BaYNHAm, BaYNhAm
1604 
1604 
1604 
1604 
1604 
1604 
1604 
1604 
1604 
1604 WYKEs
1604 
1604 
1604 
1604 
1603 
1603 
1603 
1603 
1603 
1603 
1603 
1603 
1603 
1603 
1603 
1603 
1603 
1603 
1603 COLvIN, COLvIn, CoLvIN, CoLvIn
1603 
1603 
1603 AsHMoRe
1603 
1603 KORe
1603 
1603 
1603 
1603 
1603 
1603 
1603 
1602 
1602 
1602 
1602 
1602 
1602 
1602 CArDy
1602 
1602 BUNCH
1602 
1602 
1602 
1602 
1602 
1602 
1602 
1602 RaYBURn, RaYbURn
1602 
1602 
1602 
1602 WHICKEr
1602 
1602 
1602 
1601 
1601 
1601 SKIPP
1601 
1601 
1601 
1601 
1601 
1601 
1601 
1601 
1601 
1601 
1601 
1601 
1601 BONeHAm
1601 KITcHIN, KITcHIn
1601 
1601 GeORgEsON
1600 GeNIN, GeNIn, GeNiN
1600 
1600 
1600 
1600 
1600 FeAlY
1600 KNIBB, KNiBB
1600 
1600 
1600 HYLaNd
1600 
1600 
1600 BAlCHIN, BAlCHIn
1600 
1600 
1600 
1600 
1600 McGeOCH
1600 
1600 
1600 
1600 
1600 
1600 
1600 
1600 
1600 
1600 
1600 SHORe, SHoRe
1600 SHOReY, SHoReY
1600 
1599 
1599 
1599 
1599 
1599 
1599 
1599 
1599 
1599 
1599 
1599 
1599 
1599 
1599 
1599 
1599 BeVErLaNd
1599 
1599 
1599 HArN
1599 
1599 
1599 
1599 LaDyEr
1599 
1599 
1599 
1599 
1599 FReAr
1598 
1598 
1598 
1598 
1598 
1598 
1598 
1598 
1598 BUTcHErS
1598 
1598 
1598 
1598 
1598 
1598 
1598 
1598 
1598 
1598 
1598 
1598 
1598 
1597 
1597 
1597 
1597 
1597 
1597 WRaITh
1597 
1597 
1597 
1597 
1597 
1597 
1597 
1597 
1597 
1597 
1597 
1597 HUFFEr
1597 
1597 HOPPEr, HoPPEr
1597 
1597 
1597 
1597 
1596 
1596 
1596 HUFFeY
1596 
1596 
1596 
1596 
1596 
1596 
1596 
1596 WHeAtON
1596 
1595 
1595 
1595 
1595 
1595 LuCKOCK
1595 
1595 
1595 BaYNe
1595 
1595 BReW
1595 
1595 
1595 CrOWBAr
1595 
1595 
1595 
1595 HeNdON
1595 
1595 
1595 
1595 
1594 
1594 
1594 
1594 
1594 
1594 
1594 
1594 
1594 HINCKS, HInCKS
1594 
1594 
1594 
1594 
1594 
1594 
1594 
1594 
1594 
1594 
1594 McBrINe
1594 
1594 
1594 
1594 
1594 
1594 
1594 
1594 
1594 
1594 
1594 SYVErSON
1594 
1594 
1593 
1593 
1593 
1593 
1593 
1593 
1593 
1593 LiPP
1593 
1593 
1593 McLaIN, McLaIn
1593 
1593 
1593 
1593 
1593 
1593 
1593 
1593 COLvEr, CoLvEr
1593 CaNdLiN
1593 
1593 
1593 
1593 
1592 
1592 
1592 
1592 
1592 
1592 
1592 
1592 
1592 AsKWITh
1592 
1592 
1592 
1592 
1592 
1592 
1592 
1592 
1592 
1592 
1592 
1592 
1592 
1592 
1592 
1592 
1592 
1592 
1592 
1592 
1592 
1591 SINKINS, SINKInS, SInKINS, SInKInS, SiNKINS, SiNKInS
1591 
1591 
1591 
1591 WEsTeRbY
1591 
1591 PaINEs, PaINeS, PaInEs
1591 
1591 
1591 
1591 McCOY, McCoY
1591 
1591 
1591 
1591 
1591 
1591 
1591 
1591 
1591 
1591 
1591 COOKSeY, CoOKSeY
1591 
1591 
1591 
1591 
1591 
1591 
1590 
1590 
1590 
1590 
1590 
1590 
1590 
1590 
1590 ArON
1590 
1590 
1590 
1590 
1590 
1590 PAtTiMoRe
1590 
1590 
1590 
1590 
1590 
1590 
1590 
1590 
1590 
1589 
1589 SeAlEs
1589 
1589 SINAtRa, SInAtRa, SiNAtRa
1589 
1589 
1589 
1589 
1589 
1589 
1589 
1589 
1589 
1589 
1589 
1589 BeAcOCK
1589 
1589 
1589 BUFFReY
1589 
1589 
1589 
1589 
1589 
1589 
1589 FLaNNIGaN, FLaNNiGaN
1588 
1588 
1588 
1588 HeBrY
1588 HArKIN, HArKIn
1588 
1588 CAmBRaY
1588 
1588 CUFFe, CuFFe
1588 
1588 AsHBeY
1588 BIrBeCK
1588 
1588 LiNdON
1588 
1588 McTaVISH
1588 
1588 
1588 
1588 
1588 PIThErS
1588 
1588 ThORn
1588 
1588 SPrINGaTe, SPrInGaTe
1588 
1588 
1587 
1587 
1587 
1587 
1587 
1587 SOPP
1587 
1587 
1587 
1587 
1587 
1587 
1587 
1587 
1587 
1587 
1587 
1587 
1587 
1587 
1587 
1587 
1587 
1587 
1587 HIVEs
1587 
1587 HAlLiSSeY
1587 
1587 
1587 
1586 
1586 
1586 
1586 
1586 
1586 
1586 BeEs
1586 
1586 
1586 
1586 
1586 
1586 
1586 
1586 
1586 
1586 OgRaDy
1586 
1586 STaNMoRe
1586 WArReNEr
1586 
1585 
1585 NORbURn, NoRbURn
1585 
1585 
1585 McFAlUN
1585 
1585 LuBBEr
1585 LuBBOCK
1585 
1585 
1585 
1585 
1585 
1585 
1585 
1585 
1585 HIBBS
1585 
1585 
1585 
1584 
1584 
1584 HArCUP, HArCuP
1584 
1584 
1584 
1584 
1584 
1584 
1584 
1584 
1584 
1584 
1584 NeWSON
1584 
1583 
1583 
1583 WINKS, WInKS
1583 
1583 
1583 
1583 SNaITh
1583 
1583 MoBBS
1583 MoBeY
1583 MoSBY, MoSbY
1583 NOYEs, NoYEs
1583 
1583 
1583 
1583 
1583 
1583 
1583 
1583 
1583 CRaN
1583 
1583 
1583 
1583 
1583 
1583 
1583 
1583 
1583 
1583 
1583 
1582 
1582 GaSCON, GaSCoN, GaScON
1582 
1582 
1582 
1582 
1582 
1582 
1582 
1582 
1582 
1582 
1582 
1582 
1582 
1582 
1582 
1582 MoUNTbAtTeN
1582 
1582 
1582 
1582 
1581 
1581 
1581 
1581 OPaYNe
1581 
1581 
1581 
1581 
1581 
1581 
1581 
1581 
1581 
1581 
1581 HUKIN, HUKIn
1581 
1581 HOOKS, HoOKS
1581 
1581 
1581 
1581 
1580 FeNTlY
1580 
1580 
1580 
1580 
1580 
1580 
1580 KErNICK, KErNiCK
1580 
1580 
1580 
1580 
1580 
1580 
1580 RaNDs, RaNdS
1580 
1580 TiNKS
1580 
1580 
1580 
1579 
1579 
1579 McCaNe
1579 CaNON, CaNoN
1579 
1579 
1579 
1578 
1578 
1578 
1578 
1578 FRaNKINSON, FRaNKInSON
1578 
1578 BEsWICK, BeSWICK
1578 AtMoRe
1578 
1578 
1578 
1578 
1578 
1578 
1578 
1578 STaThAm
1578 RuPP
1578 
1578 
1578 
1577 
1577 YUSUF
1577 
1577 
1577 
1577 
1577 
1577 BaNe
1577 
1577 
1577 
1577 
1577 
1577 
1577 HUCKIN, HUCKIn
1577 
1576 
1576 
1576 
1576 
1576 
1576 HeArTh
1576 
1576 GaRnHAm
1576 
1576 
1576 FeNSON
1576 
1576 
1576 
1576 
1576 
1576 
1576 
1576 
1576 
1576 
1576 
1576 
1576 
1576 
1575 TeAtHEr
1575 
1575 
1575 
1575 
1575 
1575 
1575 
1575 
1575 
1575 
1575 
1575 
1575 CaTlOW
1575 CAgNeY
1575 
1575 
1575 AlEsBrOOK
1575 BOUSe
1575 
1575 
1575 
1575 
1575 
1575 
1575 
1575 HUCK
1574 
1574 
1574 
1574 
1574 
1574 BIrKBY
1574 
1574 
1574 BArNaBY
1574 
1574 
1574 
1574 
1574 McGeArY
1574 
1574 
1574 WEsTeN
1574 
1574 
1574 
1574 
1574 
1573 
1573 
1573 
1573 
1573 
1573 
1573 
1573 
1573 
1573 
1573 
1573 
1573 GaSCOINe, GaSCoINe, GaScOINe
1573 
1573 
1573 HeFFrON
1573 
1573 HOWAtSON, HoWAtSON
1573 HUPP
1572 
1572 KINCHIN, KINCHIn, KInCHIN, KInCHIn
1572 
1572 
1572 
1572 
1572 
1572 
1572 
1572 BRaNAgH
1572 
1572 
1572 
1572 
1572 
1572 
1572 
1572 
1572 
1572 
1572 
1572 
1572 
1571 
1571 
1571 
1571 
1571 WAtKIN, WAtKIn
1571 
1571 
1571 PAtTeRn
1571 
1571 
1571 McIVEr
1571 McKErN
1571 
1571 
1571 
1571 
1571 BICKMoRe, BiCKMoRe
1571 
1571 
1571 
1571 
1571 
1571 
1571 
1571 
1571 HAmEs
1571 
1571 
1571 
1571 
1571 
1570 
1570 
1570 
1570 
1570 
1570 
1570 AtCHEsON, AtCHeSON
1570 
1570 
1570 BRaNN
1570 
1570 
1570 
1570 
1570 COPPIN, COPPIn, CoPPIN, CoPPIn
1570 
1570 
1570 
1570 
1570 
1570 
1570 
1570 PYNe
1570 
1570 NeISH
1570 
1570 
1570 
1570 SHINKINS, SHINKInS, SHInKINS, SHInKInS
1570 
1569 
1569 ThRaVEs
1569 
1569 
1569 
1569 
1569 
1569 LuCK
1569 
1569 
1569 
1569 
1569 COCHRaN, CoCHRaN
1569 COOKLaNd, CoOKLaNd
1569 
1569 BINCH, BInCH, BiNCH
1569 
1569 
1569 FeRgUSSON
1569 GaNNON, GaNNoN
1569 
1569 
1569 HUNWICKS
1569 INSON, InSON
1569 
1569 
1569 
1568 
1568 
1568 
1568 
1568 
1568 
1568 BIrKBeCK
1568 
1568 BYErS
1568 
1568 
1568 
1568 
1568 
1568 
1568 
1568 
1568 
1568 
1568 
1568 
1568 
1568 
1568 
1567 RuSS
1567 
1567 
1567 
1567 
1567 
1567 
1567 
1567 
1567 
1567 
1567 
1567 
1567 
1567 
1567 
1567 GaTeHOUSe, GaTeHoUSe
1567 
1566 
1566 
1566 
1566 
1566 
1566 CLaCK, ClAcK
1566 
1566 
1566 
1566 
1566 
1566 WAlWYN
1566 
1566 
1566 
1565 
1565 
1565 
1565 
1565 
1565 
1565 
1565 
1565 
1565 
1565 
1565 
1565 
1565 
1565 
1565 
1565 MoOReHOUSe, MoOReHoUSe
1565 
1565 
1565 
1565 BONDs, BONdS
1565 BLaCKHAm
1565 
1565 BArSBY, BArSbY
1565 
1565 HINCH, HInCH
1565 
1565 
1564 
1564 
1564 
1564 
1564 
1564 
1564 HAuNCH
1564 
1564 
1564 
1564 
1564 
1564 
1564 
1564 
1564 
1564 
1564 
1564 
1564 
1564 
1563 
1563 
1563 
1563 
1563 
1563 
1563 
1563 
1563 OSMoNd, OSmONd, OsMoNd
1563 ClOHEsY, ClOHeSY
1563 
1563 
1563 
1563 
1563 
1563 
1562 
1562 HOBIN, HOBIn, HOBiN, HoBIN, HoBIn, HoBiN
1562 
1562 FLaNNaGaN
1562 
1562 
1562 
1562 
1562 
1562 
1562 
1562 
1562 LuSBY, LuSbY
1562 
1562 
1562 
1562 
1562 
1562 
1562 WAlKIN, WAlKIn
1561 
1561 
1561 
1561 
1561 SAmEs
1561 
1561 SCArFe, ScArFe
1561 
1561 
1561 
1561 
1561 SOUKAl
1561 
1561 
1561 
1561 
1561 
1561 
1561 
1561 OXeNHAm, OXeNhAm
1561 
1561 
1561 
1561 
1561 BRaNIGaN, BRaNiGaN
1561 BReHeNY
1561 BrYArS
1561 
1561 
1561 
1561 
1561 FlYN
1561 
1561 
1561 HINKS, HInKS
1561 
1561 HUDsPITh
1561 
1560 
1560 
1560 
1560 
1560 
1560 
1560 
1560 
1560 BArBArY, BaRbArY
1560 BeAsMoRe
1560 
1560 
1560 
1560 CaIrNeY
1560 CAsTlEs, CaSTlEs
1560 
1560 
1560 LiFEsON, LiFeSON
1560 LiFSeY
1560 
1560 
1560 
1560 
1560 
1559 
1559 
1559 
1559 WArBrICK
1559 
1559 
1559 
1559 SYSON
1559 TiNKLiN
1559 
1559 
1559 
1559 
1559 
1559 
1559 
1559 
1559 
1559 
1559 
1559 
1559 
1559 HAgUEs
1559 
1559 
1559 FINLaYSON, FInLaYSON
1559 
1559 
1558 
1558 HArBY
1558 FErRaN
1558 
1558 
1558 
1558 BErTiS
1558 
1558 
1558 
1558 
1558 
1558 
1558 
1558 
1558 
1558 
1558 
1558 
1558 
1558 
1558 
1558 
1558 
1558 
1558 LiNTs
1558 
1558 
1558 SIVINS, SIVInS, SiVINS, SiVInS
1558 
1558 
1558 
1558 
1557 
1557 
1557 VIKErS
1557 
1557 SAlAmON
1557 
1557 
1557 TaNdON
1557 
1557 McCAsH, McCaSH
1557 
1557 
1557 
1557 
1557 
1557 
1557 
1557 
1557 
1557 
1557 
1557 
1557 BOBINSON, BOBInSON, BOBiNSON
1557 
1557 
1557 
1556 
1556 KNaB
1556 
1556 
1556 HAlSeY
1556 
1556 GeYNEs, GeYNeS
1556 BRaHNeY
1556 
1556 CORbYN, CoRbYN
1556 
1556 
1556 
1556 
1556 
1556 MoReLaNd
1556 
1556 
1556 
1556 LaWReNCEs, LaWReNCeS
1556 
1556 
1556 
1556 
1556 
1556 
1556 
1556 
1556 
1555 
1555 
1555 
1555 
1555 
1555 
1555 
1555 SmIThErSON
1555 
1555 
1555 LaWReNSON
1555 
1555 
1555 
1555 
1555 
1555 
1555 
1555 
1555 
1555 
1555 
1555 
1555 
1555 AsPReY
1555 BAmBEr
1555 
1555 
1555 
1555 
1555 
1555 
1555 
1554 LaKNEr
1554 
1554 
1554 
1554 
1554 
1554 
1554 
1554 
1554 
1554 
1554 RaNdErSON
1554 
1554 
1554 
1554 
1554 
1554 
1554 SHeVLiN
1554 
1553 
1553 
1553 
1553 
1553 
1553 
1553 
1553 
1553 
1553 LaVErAcK
1553 
1553 
1553 
1553 
1553 
1553 MoHNeY
1553 
1553 COKEr, CoKEr
1553 
1553 
1553 
1553 HAcKNeY
1553 
1553 
1553 
1553 
1553 KINCH, KInCH
1553 
1553 
1552 
1552 
1552 
1552 
1552 
1552 
1552 
1552 
1552 
1552 
1552 CHeNeY
1552 
1552 
1552 
1552 
1552 
1552 
1552 
1552 
1552 
1552 
1551 WHITbURn
1551 
1551 
1551 
1551 
1551 
1551 TeTlOW
1551 
1551 
1551 
1551 
1551 
1551 
1551 
1551 
1551 LuNaN
1551 OgILvY
1551 RaWSON
1551 
1551 PITcHErS
1551 
1551 
1551 CULvEr, CuLvEr
1551 
1551 
1551 
1551 
1551 
1551 
1551 AsKEr
1551 
1551 
1551 
1551 
1551 
1550 
1550 HeArSeY
1550 HIrONS
1550 HINKIN, HINKIn, HInKIN, HInKIn
1550 
1550 
1550 
1550 HAlLiGaN
1550 
1550 
1550 AlLaNSON
1550 
1550 
1550 CHeAl
1550 
1550 
1550 
1550 
1550 
1550 
1550 
1550 
1550 
1550 
1550 STiTcHeNEr
1550 
1550 
1550 
1550 
1550 
1550 
1550 
1550 
1550 WAsHEr
1550 
1550 
1549 
1549 
1549 WAsHBrOOK
1549 
1549 
1549 
1549 
1549 
1549 
1549 
1549 PArSONaGe
1549 
1549 COOP, CoOP
1549 
1549 
1549 
1549 AgEr
1549 
1549 LaGaN
1549 KArRaS
1549 
1549 
1549 
1548 
1548 
1548 HOgBeN
1548 HUNTs
1548 
1548 
1548 
1548 
1548 
1548 
1548 
1548 
1548 
1548 
1548 
1548 
1548 
1548 
1548 
1548 PHIPSON
1548 
1548 
1548 
1548 
1548 
1548 TaRbUCK
1548 
1548 
1548 
1548 
1547 
1547 
1547 
1547 
1547 SPIReS, SPIrEs
1547 
1547 
1547 
1547 
1547 
1547 
1547 
1547 PINeY
1547 
1547 
1547 
1547 
1547 CrICK
1547 
1547 
1547 
1547 
1547 
1547 
1547 
1547 
1547 
1547 
1546 
1546 HOWAgTe, HoWAgTe
1546 
1546 
1546 FErRaBY
1546 
1546 
1546 
1546 
1546 CHAlLiS
1546 
1546 
1546 
1546 
1546 
1546 
1546 
1546 
1546 
1546 
1546 
1546 
1546 
1546 
1546 
1546 
1546 
1546 
1546 
1546 
1545 
1545 
1545 
1545 WINCOTe, WINCoTe, WInCOTe, WInCoTe
1545 
1545 
1545 
1545 
1545 
1545 
1545 
1545 
1545 
1545 
1545 
1545 
1545 
1545 AsEr
1545 
1545 FORgHAm
1545 
1545 
1545 
1545 
1545 
1544 
1544 
1544 
1544 KErBY
1544 
1544 
1544 
1544 
1544 
1544 
1544 
1544 
1544 
1544 
1544 
1544 
1544 
1544 
1544 ClODy
1544 
1544 
1544 
1544 
1544 
1544 
1544 STaN
1544 
1544 
1544 
1544 
1544 
1543 
1543 
1543 
1543 
1543 
1543 
1543 
1543 LaSS
1543 
1543 
1543 
1543 
1543 
1543 
1543 
1543 OVErSON
1543 
1543 
1543 
1543 
1543 
1543 BEsSEr, BeSSEr
1543 
1543 
1543 
1543 
1543 
1543 
1543 
1543 HUTcHIN, HUTcHIn
1543 
1543 
1543 
1542 
1542 
1542 
1542 
1542 
1542 
1542 
1542 
1542 
1542 
1542 BOYNEs, BOYNeS
1542 BRuNdISH, BrUNdISH
1542 
1542 
1542 
1542 ClErK
1542 
1542 
1542 
1542 
1542 
1542 
1542 
1542 OLaN
1542 
1542 
1542 
1542 McCaIRnS, McCaIrNS
1542 
1542 
1542 
1542 
1542 SPaCeY
1542 WAtEs
1542 
1542 
1542 
1541 
1541 
1541 
1541 
1541 
1541 
1541 
1541 
1541 
1541 
1541 PaYEr
1541 
1541 
1541 
1541 
1541 
1541 
1541 
1541 
1541 
1541 DyAsON
1541 
1541 
1541 
1541 GaSSON
1541 
1541 
1541 
1540 
1540 
1540 
1540 
1540 FrAtEr
1540 
1540 
1540 FICK
1540 
1540 
1540 
1540 
1540 
1540 
1540 
1540 
1540 
1540 
1540 
1540 ReNO, ReNo
1540 
1540 
1540 
1540 
1540 
1540 
1540 
1540 
1540 
1540 
1540 
1539 VOCKINS, VOCKInS
1539 
1539 
1539 
1539 WOLvErSON
1539 
1539 
1539 
1539 
1539 
1539 
1539 McCReErY
1539 
1539 
1539 
1539 
1539 
1539 
1539 CrOPPEr
1539 
1539 
1539 
1539 
1539 
1539 
1539 
1539 
1539 
1539 
1539 HUBB
1539 
1539 
1539 KIrKHAm
1539 
1538 
1538 
1538 
1538 
1538 IrVIN, IrVIn
1538 
1538 FOLaNd
1538 
1538 
1538 
1538 
1538 BOWSEr
1538 
1538 
1538 
1538 
1538 
1538 
1538 
1538 
1538 
1538 
1538 LaURaNS
1538 
1538 
1538 SeArSON
1538 
1538 
1538 
1538 
1538 
1538 
1538 
1537 
1537 
1537 
1537 WISEr
1537 
1537 
1537 
1537 
1537 
1537 
1537 
1537 
1537 
1537 
1537 
1537 
1537 
1537 
1537 
1537 
1537 
1537 FArOW
1537 
1537 
1537 
1537 HUNTlY
1537 
1537 
1537 
1537 
1537 
1536 
1536 
1536 HOPKIN, HOPKIn, HoPKIN, HoPKIn
1536 
1536 
1536 
1536 
1536 
1536 
1536 
1536 AcOCK
1536 
1536 BOYNe
1536 BONSON
1536 
1536 CLaReY
1536 CAmPaN
1536 
1536 PINSON, PInSON
1536 
1536 
1536 
1536 
1536 
1536 
1536 
1536 
1536 
1536 
1536 
1536 SAcKEr
1536 
1536 WHITeSmITh
1536 
1535 
1535 
1535 
1535 
1535 SAlMoNd
1535 
1535 
1535 
1535 
1535 
1535 
1535 
1535 
1535 
1535 
1535 BAsHAm, BaSHAm
1535 
1535 
1535 
1535 
1535 
1535 
1535 HIRe
1534 
1534 
1534 
1534 
1534 
1534 
1534 GaNdON
1534 GaNDy, GaNdY
1534 
1534 
1534 
1534 
1534 
1534 BRaNDy, BRaNdY
1534 
1534 COPPAcK, COPPaCK, CoPPAcK, CoPPaCK
1534 
1534 
1534 
1534 
1534 
1534 
1534 
1534 
1534 
1534 
1534 
1534 
1534 
1534 
1534 
1533 
1533 
1533 
1533 
1533 
1533 
1533 
1533 SPICe
1533 
1533 
1533 
1533 
1533 
1533 
1533 
1533 
1533 
1533 
1533 
1533 
1533 
1533 
1533 
1533 
1533 
1533 
1533 
1533 
1533 
1533 
1533 
1533 FINeGaN
1533 HOVEr, HoVEr
1533 
1533 
1533 
1533 
1532 
1532 
1532 
1532 
1532 
1532 
1532 FOThErBY
1532 
1532 
1532 
1532 
1532 
1532 BINNS, BInNS, BiNNS
1532 
1532 BReGaN
1532 
1532 
1532 
1532 
1532 
1532 
1532 McNErLiN
1532 
1532 
1532 
1532 
1532 
1532 VYNEr
1532 
1531 
1531 
1531 
1531 
1531 
1531 
1531 
1531 
1531 
1531 
1531 
1531 PINS, PInS
1531 
1531 
1531 
1531 
1531 
1531 
1531 LaYLaNd
1531 
1531 
1531 COSmAr, CoSmAr
1531 
1531 BUCKHAm
1531 BRuWIN, BRuWIn, BrUWIN, BrUWIn
1531 
1531 BaBBaGe
1531 BArCOCK, BArCoCK
1531 
1531 
1531 
1531 
1531 
1531 
1531 
1531 
1531 
1531 
1530 
1530 
1530 
1530 
1530 
1530 
1530 HAlPErN
1530 
1530 
1530 
1530 CUBBIN, CUBBIn, CUBBiN, CuBBIN, CuBBIn, CuBBiN
1530 
1530 
1530 CAlLaNdEr
1530 
1530 
1530 
1530 
1530 
1530 
1530 
1530 
1530 RhONe
1530 
1530 SONd
1530 
1530 
1530 
1530 
1530 
1530 
1530 
1530 
1530 
1530 
1529 WArNEs, WArNeS
1529 
1529 
1529 WIThNeY
1529 
1529 
1529 
1529 
1529 
1529 
1529 
1529 
1529 
1529 
1529 
1529 
1529 AsPLaNd
1529 
1529 
1529 
1529 
1529 
1529 
1529 
1529 
1528 
1528 KErSeY
1528 
1528 
1528 
1528 
1528 
1528 
1528 
1528 
1528 
1528 
1528 CrIBB
1528 
1528 CAtHErY, CaThErY
1528 LiBArY
1528 
1528 
1528 
1528 
1528 
1528 
1528 
1528 
1528 
1528 SHIVErS
1528 SArTiN
1528 
1528 
1528 
1528 UNWIN, UNWIn
1528 
1528 
1527 WArY
1527 SmIThEr
1527 
1527 STaNYEr
1527 
1527 
1527 
1527 
1527 RaNdAl
1527 
1527 
1527 CaINEs, CaINeS, CaInEs
1527 
1527 
1527 
1527 BArLaNd
1527 
1527 
1527 
1527 
1527 
1527 
1527 GeOFFrOY
1527 
1527 
1527 
1527 
1527 HOSKIN, HOSKIn, HOsKIN, HOsKIn, HoSKIN, HoSKIn
1527 
1526 HUTcHeON
1526 
1526 
1526 
1526 HOBBIN, HOBBIn, HOBBiN, HoBBIN, HoBBIn, HoBBiN
1526 
1526 
1526 
1526 
1526 
1526 BEsS, BeSS
1526 
1526 
1526 
1526 
1526 
1526 
1526 
1526 
1526 
1526 
1526 NeVINS, NeVInS
1526 
1526 
1526 
1526 
1526 
1526 
1526 
1526 
1526 
1526 WOOSNAm, WOOSnAm, WOOsNAm
1525 
1525 
1525 
1525 
1525 
1525 NeVIS
1525 
1525 
1525 RaWLiNS
1525 
1525 
1525 
1525 
1525 LiNeKEr
1525 
1525 
1525 
1525 
1525 
1525 
1525 
1525 
1525 FeRg
1525 HErTeY
1525 
1524 LaRnEr
1524 
1524 
1524 
1524 
1524 
1524 
1524 
1524 BeArNe
1524 
1524 BrAmHAm
1524 
1524 RaThBONe
1524 
1524 
1524 
1524 
1524 
1524 
1524 
1524 
1523 
1523 SYMoNS
1523 
1523 
1523 RuSHe
1523 
1523 
1523 
1523 
1523 
1523 
1523 
1523 
1523 
1523 
1523 
1523 
1523 FeGaN
1523 
1523 FIBBS
1523 
1523 
1522 LaRn
1522 
1522 HeYNS
1522 
1522 
1522 
1522 
1522 GaFFY
1522 
1522 
1522 BErThON
1522 
1522 
1522 
1522 
1522 CHAtTeY
1522 COBBaN, CoBBaN
1522 
1522 McBeAtH
1522 
1522 
1522 
1522 SHeTh
1522 SHINEr, SHInEr
1522 
1522 
1522 TiPtON
1522 VINNY, VInNY
1522 
1522 
1522 
1522 
1521 
1521 VAlLiNS
1521 
1521 SWINN, SWInN
1521 
1521 
1521 
1521 
1521 
1521 
1521 
1521 
1521 
1521 
1521 
1521 
1521 
1521 
1521 EsTlICK
1521 HORgLaN, HoRgLaN
1521 
1521 
1521 
1521 
1520 
1520 HErCOCK, HErCoCK
1520 HITcHINS, HITcHInS
1520 
1520 FYNN
1520 
1520 
1520 CrAm
1520 
1520 
1520 
1520 
1520 
1520 
1520 
1520 
1519 
1519 
1519 STeRn
1519 SIBSON, SiBSON
1519 
1519 
1519 
1519 CORbIN, CORbIn, CoRbIN, CoRbIn
1519 
1519 
1519 
1519 
1519 HArPIC
1519 
1518 
1518 
1518 
1518 
1518 
1518 
1518 COCKrAm, CoCKrAm
1518 
1518 
1518 
1518 
1518 
1518 
1518 
1518 
1518 
1518 WEsSON
1518 
1518 
1517 VOYSe
1517 SOYEr
1517 
1517 
1517 
1517 
1517 
1517 
1517 
1517 
1517 
1517 BOBBIN, BOBBIn, BOBBiN
1517 
1517 
1517 
1516 
1516 
1516 
1516 
1516 
1516 BINNION, BINNiON, BInNION, BInNiON, BiNNION, BiNNiON
1516 BrIEr
1516 
1516 COThIEr, CoThIEr
1516 
1516 
1516 
1516 
1516 STaRnS
1516 WAlLiN
1515 
1515 
1515 
1515 
1515 
1515 
1515 
1515 
1515 
1515 BeRgIN, BeRgIn
1515 LaNd
1515 
1515 
1515 
1515 
1514 
1514 
1514 
1514 CHAlKEr
1514 
1514 
1514 McCLaIr
1514 
1514 
1514 
1514 MoNKHOUSe, MoNKHoUSe
1514 
1514 
1513 
1513 
1513 
1513 
1513 
1513 
1513 
1513 
1513 
1513 
1513 FeAtHEr
1513 
1512 HeTh
1512 
1511 
1511 
1510 
1510 
1510 
1510 
1510 
1510 
1510 
1509 
1509 
1509 BArReN
1508 
1508 